{"data": [{"source": 200128, "target": 37658, "gen0-front": [[966, 1.13237e+06, 1.04308e+06, 2.18906e+06], [1317, 687924, 905121, 1.04533e+06], [1575, 829639, 868224, 1.48612e+06], [1311, 687967, 905049, 1.04526e+06], [1251, 690429, 891720, 1.07126e+06], [1311, 687967, 905049, 1.04526e+06], [1257, 692858, 888477, 1.07759e+06], [1311, 687967, 905049, 1.04526e+06]], "gen0-norm-front": [[0, 1, 1, 1], [0.576355, 0, 0.211008, 6.29482e-05], [1, 0.318859, 0, 0.385438], [0.566502, 9.67501e-05, 0.210596, 0], [0.46798, 0.00563626, 0.13437, 0.0227252], [0.566502, 9.67501e-05, 0.210596, 0], [0.477833, 0.0111015, 0.115823, 0.0282629], [0.566502, 9.67501e-05, 0.210596, 0]], "gen0-raw-d-score": [3.0899e+06, 2.45681e+06, 2.45676e+06, 2.1919e+06, 2.1919e+06, 2.19445e+06, 2.19445e+06, 1.54434e+06], "gen0-norm-d-score": [1.83758, 1.27552, 1.27103, 0.776456, 0.776456, 0.779703, 0.779703, 0.60438], "gen0-sparsity": 1.13104e+11, "gen0-raw-winner": [1311, 687967, 905049, 1.04526e+06], "gen0-norm-winner": [0.566502, 9.67501e-05, 0.210596, 0], "gen0-winner-naw-d-score": 1.54434e+06, "gen0-winner-norm-d-score": 0.60438, "gen0-time": 20357, "gen1-front": [[1311, 687967, 905049, 1.04526e+06], [1317, 687924, 905121, 1.04533e+06], [1251, 690429, 891720, 1.07126e+06], [1257, 692858, 888477, 1.07759e+06], [1575, 829639, 868224, 1.48612e+06], [966, 1.13237e+06, 1.04308e+06, 2.18906e+06], [1311, 687967, 905049, 1.04526e+06], [966, 1.13237e+06, 1.04308e+06, 2.18906e+06], [1317, 687924, 905121, 1.04533e+06], [1311, 687967, 905049, 1.04526e+06], [1251, 690429, 891720, 1.07126e+06], [1311, 687967, 905049, 1.04526e+06], [1257, 692858, 888477, 1.07759e+06], [1311, 687967, 905049, 1.04526e+06], [1257, 692858, 888477, 1.07759e+06], [1317, 687924, 905121, 1.04533e+06]], "gen1-norm-front": [[0.566502, 9.67501e-05, 0.210596, 0], [0.576355, 0, 0.211008, 6.29482e-05], [0.46798, 0.00563626, 0.13437, 0.0227252], [0.477833, 0.0111015, 0.115823, 0.0282629], [1, 0.318859, 0, 0.385438], [0, 1, 1, 1], [0.566502, 9.67501e-05, 0.210596, 0], [0, 1, 1, 1], [0.576355, 0, 0.211008, 6.29482e-05], [0.566502, 9.67501e-05, 0.210596, 0], [0.46798, 0.00563626, 0.13437, 0.0227252], [0.566502, 9.67501e-05, 0.210596, 0], [0.477833, 0.0111015, 0.115823, 0.0282629], [0.566502, 9.67501e-05, 0.210596, 0], [0.477833, 0.0111015, 0.115823, 0.0282629], [0.576355, 0, 0.211008, 6.29482e-05]], "gen1-raw-d-score": [3.10166e+06, 3.29939e+06, 3.95766e+06, 3.9533e+06, 4.51223e+06, 4.36975e+06, 3.78384e+06, 3.78839e+06, 3.09429e+06, 3.10162e+06, 3.10162e+06, 3.10343e+06, 3.10346e+06, 2.68344e+06, 2.1945e+06, 1.54441e+06], "gen1-norm-d-score": [1.10556, 1.45162, 2.17497, 2.20413, 2.75962, 2.59653, 2.02664, 1.99489, 1.15968, 1.10037, 1.10037, 1.10267, 1.10784, 0.992293, 0.787001, 0.613766], "gen1-sparsity": 5.2782e+10, "gen1-raw-winner": [1317, 687924, 905121, 1.04533e+06], "gen1-norm-winner": [0.576355, 0, 0.211008, 6.29482e-05], "gen1-winner-raw-d-score": 1.54441e+06, "gen1-winner-norm-d-score": 0.613766, "gen1-time": 19491, "gen2-front": [[1317, 687924, 905121, 1.04533e+06], [1311, 687967, 905049, 1.04526e+06], [1317, 687924, 905121, 1.04533e+06], [1311, 687967, 905049, 1.04526e+06], [1257, 692858, 888477, 1.07759e+06], [1251, 690429, 891720, 1.07126e+06], [1257, 692858, 888477, 1.07759e+06], [1251, 690429, 891720, 1.07126e+06], [1257, 692858, 888477, 1.07759e+06], [1575, 829639, 868224, 1.48612e+06], [966, 1.13237e+06, 1.04308e+06, 2.18906e+06], [1311, 687967, 905049, 1.04526e+06], [966, 1.13237e+06, 1.04308e+06, 2.18906e+06], [1251, 690429, 891720, 1.07126e+06], [1311, 687967, 905049, 1.04526e+06], [1257, 692858, 888477, 1.07759e+06]], "gen2-norm-front": [[0.576355, 0, 0.211008, 6.29482e-05], [0.566502, 9.67501e-05, 0.210596, 0], [0.576355, 0, 0.211008, 6.29482e-05], [0.566502, 9.67501e-05, 0.210596, 0], [0.477833, 0.0111015, 0.115823, 0.0282629], [0.46798, 0.00563626, 0.13437, 0.0227252], [0.477833, 0.0111015, 0.115823, 0.0282629], [0.46798, 0.00563626, 0.13437, 0.0227252], [0.477833, 0.0111015, 0.115823, 0.0282629], [1, 0.318859, 0, 0.385438], [0, 1, 1, 1], [0.566502, 9.67501e-05, 0.210596, 0], [0, 1, 1, 1], [0.46798, 0.00563626, 0.13437, 0.0227252], [0.566502, 9.67501e-05, 0.210596, 0], [0.477833, 0.0111015, 0.115823, 0.0282629]], "gen2-raw-d-score": [1.54441e+06, 1.54434e+06, 2.1945e+06, 1.54434e+06, 1.55905e+06, 1.55546e+06, 1.55905e+06, 2.20229e+06, 1.55905e+06, 1.91068e+06, 2.67624e+06, 1.54434e+06, 2.67624e+06, 2.1919e+06, 1.54434e+06, 1.55905e+06], "gen2-norm-d-score": [0.613766, 0.60438, 0.613766, 0.60438, 0.492606, 0.487451, 0.492606, 0.487451, 0.492606, 1.11814, 1.73205, 0.60438, 1.73205, 0.487451, 0.60438, 0.492606], "gen2-sparsity": 5.2782e+10, "gen2-raw-winner": [1311, 687967, 905049, 1.04526e+06], "gen2-norm-winner": [0.566502, 9.67501e-05, 0.210596, 0], "gen2-winner-raw-d-score": 1.54434e+06, "gen2-winner-norm-d-score": 0.60438, "gen2-time": 19976, "gen3-front": [[1311, 687967, 905049, 1.04526e+06], [1317, 687924, 905121, 1.04533e+06], [1251, 690429, 891720, 1.07126e+06], [1257, 692858, 888477, 1.07759e+06], [1575, 829639, 868224, 1.48612e+06], [966, 1.13237e+06, 1.04308e+06, 2.18906e+06], [1311, 687967, 905049, 1.04526e+06], [966, 1.13237e+06, 1.04308e+06, 2.18906e+06], [1311, 687967, 905049, 1.04526e+06], [1251, 690429, 891720, 1.07126e+06], [1311, 687967, 905049, 1.04526e+06], [1257, 692858, 888477, 1.07759e+06]], "gen3-norm-front": [[0.566502, 9.67501e-05, 0.210596, 0], [0.576355, 0, 0.211008, 6.29482e-05], [0.46798, 0.00563626, 0.13437, 0.0227252], [0.477833, 0.0111015, 0.115823, 0.0282629], [1, 0.318859, 0, 0.385438], [0, 1, 1, 1], [0.566502, 9.67501e-05, 0.210596, 0], [0, 1, 1, 1], [0.566502, 9.67501e-05, 0.210596, 0], [0.46798, 0.00563626, 0.13437, 0.0227252], [0.566502, 9.67501e-05, 0.210596, 0], [0.477833, 0.0111015, 0.115823, 0.0282629]], "gen3-raw-d-score": [1.54434e+06, 1.54441e+06, 1.55546e+06, 1.55905e+06, 1.91068e+06, 2.67624e+06, 1.54434e+06, 2.67624e+06, 1.54434e+06, 2.19195e+06, 1.54434e+06, 1.55905e+06], "gen3-norm-d-score": [0.60438, 0.613766, 0.487451, 0.492606, 1.11814, 1.73205, 0.60438, 1.73205, 0.60438, 0.487451, 1.54434e+06, 0.492606], "gen3-sparsity": 7.19754e+10, "gen3-raw-winner": [1311, 687967, 905049, 1.04526e+06], "gen3-norm-winner": [0.566502, 9.67501e-05, 0.210596, 0], "gen3-winner-raw-d-score": 1.54434e+06, "gen3-winner-norm-d-score": 0.60438, "gen3-time": 19965, "gen4-front": [[1311, 687967, 905049, 1.04526e+06], [1317, 687924, 905121, 1.04533e+06], [1311, 687967, 905049, 1.04526e+06], [1251, 690429, 891720, 1.07126e+06], [1257, 692858, 888477, 1.07759e+06], [1575, 829639, 868224, 1.48612e+06], [966, 1.13237e+06, 1.04308e+06, 2.18906e+06], [1311, 687967, 905049, 1.04526e+06], [966, 1.13237e+06, 1.04308e+06, 2.18906e+06], [1311, 687967, 905049, 1.04526e+06], [1257, 692858, 888477, 1.07759e+06], [1251, 690429, 891720, 1.07126e+06], [1311, 687967, 905049, 1.04526e+06], [1257, 692858, 888477, 1.07759e+06], [1311, 687967, 905049, 1.04526e+06]], "gen4-norm-front": [[0.566502, 9.67501e-05, 0.210596, 0], [0.576355, 0, 0.211008, 6.29482e-05], [0.566502, 9.67501e-05, 0.210596, 0], [0.46798, 0.00563626, 0.13437, 0.0227252], [0.477833, 0.0111015, 0.115823, 0.0282629], [1, 0.318859, 0, 0.385438], [0, 1, 1, 1], [0.566502, 9.67501e-05, 0.210596, 0], [0, 1, 1, 1], [0.566502, 9.67501e-05, 0.210596, 0], [0.477833, 0.0111015, 0.115823, 0.0282629], [0.46798, 0.00563626, 0.13437, 0.0227252], [0.566502, 9.67501e-05, 0.210596, 0], [0.477833, 0.0111015, 0.115823, 0.0282629], [0.566502, 9.67501e-05, 0.210596, 0]], "gen4-raw-d-score": [2.90294e+06, 2.90845e+06, 2.94571e+06, 3.29713e+06, 3.81261e+06, 3.94566e+06, 4.24287e+06, 3.63341e+06, 3.64002e+06, 2.92019e+06, 2.91625e+06, 2.92019e+06, 2.6834e+06, 2.19445e+06, 1.54434e+06], "gen4-norm-d-score": [1.15946, 1.10519, 1.39543, 1.93145, 2.20413, 2.57206, 2.59433, 1.99309, 1.96087, 1.10037, 1.04279, 1.10037, 0.986515, 0.779703, 0.60438], "gen4-sparsity": 5.65521e+10, "gen4-raw-winner": [1311, 687967, 905049, 1.04526e+06], "gen4-norm-winner": [0.566502, 9.67501e-05, 0.210596, 0], "gen4-winner-raw-d-score": 1.54434e+06, "gen4-winner-norm-d-score": 0.60438, "gen4-time": 21366, "gen5-front": [[1311, 687967, 905049, 1.04526e+06], [1317, 687924, 905121, 1.04533e+06], [1311, 687967, 905049, 1.04526e+06], [1257, 692858, 888477, 1.07759e+06], [1251, 690429, 891720, 1.07126e+06], [1257, 692858, 888477, 1.07759e+06], [1575, 829639, 868224, 1.48612e+06], [966, 1.13237e+06, 1.04308e+06, 2.18906e+06], [1311, 687967, 905049, 1.04526e+06], [966, 1.13237e+06, 1.04308e+06, 2.18906e+06], [1311, 687967, 905049, 1.04526e+06], [1251, 690429, 891720, 1.07126e+06], [1311, 687967, 905049, 1.04526e+06], [1257, 692858, 888477, 1.07759e+06], [1311, 687967, 905049, 1.04526e+06]], "gen5-norm-front": [[0.566502, 9.67501e-05, 0.210596, 0], [0.576355, 0, 0.211008, 6.29482e-05], [0.566502, 9.67501e-05, 0.210596, 0], [0.477833, 0.0111015, 0.115823, 0.0282629], [0.46798, 0.00563626, 0.13437, 0.0227252], [0.477833, 0.0111015, 0.115823, 0.0282629], [1, 0.318859, 0, 0.385438], [0, 1, 1, 1], [0.566502, 9.67501e-05, 0.210596, 0], [0, 1, 1, 1], [0.566502, 9.67501e-05, 0.210596, 0], [0.46798, 0.00563626, 0.13437, 0.0227252], [0.566502, 9.67501e-05, 0.210596, 0], [0.477833, 0.0111015, 0.115823, 0.0282629], [0.566502, 9.67501e-05, 0.210596, 0]], "gen5-raw-d-score": [1.54434e+06, 1.54441e+06, 1.54434e+06, 1.55905e+06, 1.55546e+06, 1.55905e+06, 1.91068e+06, 2.67624e+06, 1.54434e+06, 2.93332e+06, 1.54434e+06, 1.55546e+06, 2.18403e+06, 1.55905e+06, 1.54434e+06], "gen5-norm-d-score": [0.60438, 1.54166, 0.779703, 0.492606, 0.487451, 0.492606, 1.11814, 1.73205, 0.60438, 1.73205, 0.60438, 0.487451, 0.60438, 0.492606, 1.1267e+06], "gen5-sparsity": 5.65521e+10, "gen5-raw-winner": [1311, 687967, 905049, 1.04526e+06], "gen5-norm-winner": [0.566502, 9.67501e-05, 0.210596, 0], "gen5-winner-raw-d-score": 1.54434e+06, "gen5-winner-norm-d-score": 0.60438, "gen5-time": 20504}, {"source": 75608, "target": 287676, "gen0-front": [[685, 2.85274e+06, 2.60199e+06, 5.58602e+06], [1221, 1.04278e+06, 1.20231e+06, 1.79355e+06], [1199, 1.12031e+06, 1.18015e+06, 2.00887e+06], [1524, 1.06916e+06, 1.42906e+06, 1.63859e+06], [1521, 1.06904e+06, 1.42907e+06, 1.6386e+06], [1194, 1.0434e+06, 1.19778e+06, 1.7896e+06], [1224, 1.04306e+06, 1.20256e+06, 1.78682e+06], [1194, 1.0434e+06, 1.19778e+06, 1.7896e+06], [1224, 1.04306e+06, 1.20256e+06, 1.78682e+06], [1194, 1.0434e+06, 1.19778e+06, 1.7896e+06], [1521, 1.06904e+06, 1.42907e+06, 1.6386e+06], [1194, 1.0434e+06, 1.19778e+06, 1.7896e+06], [1521, 1.06904e+06, 1.42907e+06, 1.6386e+06], [1194, 1.0434e+06, 1.19778e+06, 1.7896e+06], [1206, 1.05937e+06, 1.18652e+06, 1.84281e+06], [1521, 1.06904e+06, 1.42907e+06, 1.6386e+06]], "gen0-norm-front": [[0, 1, 1, 1], [0.638856, 0, 0.015584, 0.0392554], [0.612634, 0.0428362, 0, 0.0938035], [1, 0.0145754, 0.175064, 0], [0.996424, 0.0145124, 0.175068, 3.29328e-06], [0.606675, 0.0003431, 0.012398, 0.0382558], [0.642431, 0.000153042, 0.0157634, 0.0375502], [0.606675, 0.0003431, 0.012398, 0.0382558], [0.642431, 0.000153042, 0.0157634, 0.0375502], [0.606675, 0.0003431, 0.012398, 0.0382558], [0.996424, 0.0145124, 0.175068, 3.29328e-06], [0.606675, 0.0003431, 0.012398, 0.0382558], [0.996424, 0.0145124, 0.175068, 3.29328e-06], [0.606675, 0.0003431, 0.012398, 0.0382558], [0.620977, 0.00916702, 0.00448222, 0.0517346], [0.996424, 0.0145124, 0.175068, 3.29328e-06]], "gen0-raw-d-score": [8.02593e+06, 4.91666e+06, 4.91425e+06, 4.81594e+06, 4.80094e+06, 4.78599e+06, 4.78599e+06, 4.80094e+06, 4.80094e+06, 4.81583e+06, 4.81583e+06, 4.82164e+06, 4.83656e+06, 4.18595e+06, 3.43455e+06, 2.42283e+06], "gen0-norm-d-score": [2.19698, 1.68833, 1.67637, 1.68482, 1.47562, 1.25224, 1.25224, 1.47562, 1.47562, 1.66937, 1.66937, 1.46678, 1.67496, 1.33484, 1.18832, 1.01179], "gen0-sparsity": 1.15197e+12, "gen0-raw-winner": [1199, 1.12031e+06, 1.18015e+06, 2.00887e+06], "gen0-norm-winner": [0.612634, 0.0428362, 0, 0.0938035], "gen0-winner-naw-d-score": 4.91425e+06, "gen0-winner-norm-d-score": 1.67637, "gen0-time": 34097, "gen1-front": [[1199, 1.12031e+06, 1.18015e+06, 2.00887e+06], [1221, 1.04278e+06, 1.20231e+06, 1.79355e+06], [1521, 1.06904e+06, 1.42907e+06, 1.6386e+06], [1206, 1.05937e+06, 1.18652e+06, 1.84281e+06], [1194, 1.0434e+06, 1.19778e+06, 1.7896e+06], [1224, 1.04306e+06, 1.20256e+06, 1.78682e+06], [1194, 1.0434e+06, 1.19778e+06, 1.7896e+06], [1521, 1.06904e+06, 1.42907e+06, 1.6386e+06], [1194, 1.0434e+06, 1.19778e+06, 1.7896e+06], [1224, 1.04306e+06, 1.20256e+06, 1.78682e+06], [1521, 1.06904e+06, 1.42907e+06, 1.6386e+06], [1194, 1.0434e+06, 1.19778e+06, 1.7896e+06], [1521, 1.06904e+06, 1.42907e+06, 1.6386e+06], [1524, 1.06916e+06, 1.42906e+06, 1.63859e+06], [685, 2.85274e+06, 2.60199e+06, 5.58602e+06], [1194, 1.0434e+06, 1.19778e+06, 1.7896e+06], [685, 2.85274e+06, 2.60199e+06, 5.58602e+06], [1521, 1.06904e+06, 1.42907e+06, 1.6386e+06], [1194, 1.0434e+06, 1.19778e+06, 1.7896e+06]], "gen1-norm-front": [[0.612634, 0.0428362, 0, 0.0938035], [0.638856, 0, 0.015584, 0.0392554], [0.996424, 0.0145124, 0.175068, 3.29328e-06], [0.620977, 0.00916702, 0.00448222, 0.0517346], [0.606675, 0.0003431, 0.012398, 0.0382558], [0.642431, 0.000153042, 0.0157634, 0.0375502], [0.606675, 0.0003431, 0.012398, 0.0382558], [0.996424, 0.0145124, 0.175068, 3.29328e-06], [0.606675, 0.0003431, 0.012398, 0.0382558], [0.642431, 0.000153042, 0.0157634, 0.0375502], [0.996424, 0.0145124, 0.175068, 3.29328e-06], [0.606675, 0.0003431, 0.012398, 0.0382558], [0.996424, 0.0145124, 0.175068, 3.29328e-06], [1, 0.0145754, 0.175064, 0], [0, 1, 1, 1], [0.606675, 0.0003431, 0.012398, 0.0382558], [0, 1, 1, 1], [0.996424, 0.0145124, 0.175068, 3.29328e-06], [0.606675, 0.0003431, 0.012398, 0.0382558]], "gen1-raw-d-score": [5.1723e+06, 5.07996e+06, 5.07665e+06, 5.12738e+06, 5.05691e+06, 5.05797e+06, 5.12192e+06, 5.07114e+06, 5.12192e+06, 5.13599e+06, 6.18426e+06, 8.13031e+06, 8.85929e+06, 1.03444e+07, 1.03123e+07, 7.96456e+06, 7.59659e+06, 3.40531e+06, 2.39291e+06], "gen1-norm-d-score": [1.60505, 1.6139, 1.60137, 1.60182, 1.59551, 1.60947, 1.78918, 1.78877, 1.78918, 1.96529, 2.33409, 2.40675, 2.72475, 2.90246, 2.78596, 2.18244, 2.09604, 1.18042, 0.608006], "gen1-sparsity": 9.59973e+11, "gen1-raw-winner": [1199, 1.12031e+06, 1.18015e+06, 2.00887e+06], "gen1-norm-winner": [0.612634, 0.0428362, 0, 0.0938035], "gen1-winner-raw-d-score": 5.1723e+06, "gen1-winner-norm-d-score": 1.60505, "gen1-time": 31669, "gen2-front": [[1199, 1.12031e+06, 1.18015e+06, 2.00887e+06], [1221, 1.04278e+06, 1.20231e+06, 1.79355e+06], [1194, 1.0434e+06, 1.19778e+06, 1.7896e+06], [1521, 1.06904e+06, 1.42907e+06, 1.6386e+06], [1194, 1.0434e+06, 1.19778e+06, 1.7896e+06], [1521, 1.06904e+06, 1.42907e+06, 1.6386e+06], [1206, 1.05937e+06, 1.18652e+06, 1.84281e+06], [1224, 1.04306e+06, 1.20256e+06, 1.78682e+06], [1521, 1.06904e+06, 1.42907e+06, 1.6386e+06], [1194, 1.0434e+06, 1.19778e+06, 1.7896e+06], [1224, 1.04306e+06, 1.20256e+06, 1.78682e+06], [1194, 1.0434e+06, 1.19778e+06, 1.7896e+06], [1521, 1.06904e+06, 1.42907e+06, 1.6386e+06], [1194, 1.0434e+06, 1.19778e+06, 1.7896e+06], [1521, 1.06904e+06, 1.42907e+06, 1.6386e+06], [1524, 1.06916e+06, 1.42906e+06, 1.63859e+06], [685, 2.85274e+06, 2.60199e+06, 5.58602e+06], [1194, 1.0434e+06, 1.19778e+06, 1.7896e+06], [685, 2.85274e+06, 2.60199e+06, 5.58602e+06], [1521, 1.06904e+06, 1.42907e+06, 1.6386e+06]], "gen2-norm-front": [[0.612634, 0.0428362, 0, 0.0938035], [0.638856, 0, 0.015584, 0.0392554], [0.606675, 0.0003431, 0.012398, 0.0382558], [0.996424, 0.0145124, 0.175068, 3.29328e-06], [0.606675, 0.0003431, 0.012398, 0.0382558], [0.996424, 0.0145124, 0.175068, 3.29328e-06], [0.620977, 0.00916702, 0.00448222, 0.0517346], [0.642431, 0.000153042, 0.0157634, 0.0375502], [0.996424, 0.0145124, 0.175068, 3.29328e-06], [0.606675, 0.0003431, 0.012398, 0.0382558], [0.642431, 0.000153042, 0.0157634, 0.0375502], [0.606675, 0.0003431, 0.012398, 0.0382558], [0.996424, 0.0145124, 0.175068, 3.29328e-06], [0.606675, 0.0003431, 0.012398, 0.0382558], [0.996424, 0.0145124, 0.175068, 3.29328e-06], [1, 0.0145754, 0.175064, 0], [0, 1, 1, 1], [0.606675, 0.0003431, 0.012398, 0.0382558], [0, 1, 1, 1], [0.996424, 0.0145124, 0.175068, 3.29328e-06]], "gen2-raw-d-score": [5.45484e+06, 5.37978e+06, 5.39614e+06, 5.39621e+06, 5.39621e+06, 5.39621e+06, 5.38292e+06, 5.36431e+06, 5.37765e+06, 5.36423e+06, 5.37765e+06, 5.39097e+06, 8.33359e+06, 8.32494e+06, 1.04733e+07, 1.04733e+07, 1.01892e+07, 7.59659e+06, 7.20987e+06, 2.42283e+06], "gen2-norm-d-score": [1.59967, 1.78793, 1.7819, 1.7944, 1.7944, 1.7944, 1.61572, 1.60991, 1.78918, 1.59597, 1.78918, 1.95388, 2.53929, 2.40706, 2.90246, 2.90246, 2.71908, 2.09604, 2.00592, 1.01179], "gen2-sparsity": 9.09448e+11, "gen2-raw-winner": [1199, 1.12031e+06, 1.18015e+06, 2.00887e+06], "gen2-norm-winner": [0.612634, 0.0428362, 0, 0.0938035], "gen2-winner-raw-d-score": 5.45484e+06, "gen2-winner-norm-d-score": 1.59967, "gen2-time": 31581, "gen3-front": [[1199, 1.12031e+06, 1.18015e+06, 2.00887e+06], [1221, 1.04278e+06, 1.20231e+06, 1.79355e+06], [1521, 1.06904e+06, 1.42907e+06, 1.6386e+06], [1194, 1.0434e+06, 1.19778e+06, 1.7896e+06], [1224, 1.04306e+06, 1.20256e+06, 1.78682e+06], [1206, 1.05937e+06, 1.18652e+06, 1.84281e+06], [1194, 1.0434e+06, 1.19778e+06, 1.7896e+06], [1521, 1.06904e+06, 1.42907e+06, 1.6386e+06], [1224, 1.04306e+06, 1.20256e+06, 1.78682e+06], [1521, 1.06904e+06, 1.42907e+06, 1.6386e+06], [1194, 1.0434e+06, 1.19778e+06, 1.7896e+06], [1521, 1.06904e+06, 1.42907e+06, 1.6386e+06], [1194, 1.0434e+06, 1.19778e+06, 1.7896e+06], [1521, 1.06904e+06, 1.42907e+06, 1.6386e+06], [1524, 1.06916e+06, 1.42906e+06, 1.63859e+06], [685, 2.85274e+06, 2.60199e+06, 5.58602e+06], [1194, 1.0434e+06, 1.19778e+06, 1.7896e+06], [685, 2.85274e+06, 2.60199e+06, 5.58602e+06]], "gen3-norm-front": [[0.612634, 0.0428362, 0, 0.0938035], [0.638856, 0, 0.015584, 0.0392554], [0.996424, 0.0145124, 0.175068, 3.29328e-06], [0.606675, 0.0003431, 0.012398, 0.0382558], [0.642431, 0.000153042, 0.0157634, 0.0375502], [0.620977, 0.00916702, 0.00448222, 0.0517346], [0.606675, 0.0003431, 0.012398, 0.0382558], [0.996424, 0.0145124, 0.175068, 3.29328e-06], [0.642431, 0.000153042, 0.0157634, 0.0375502], [0.996424, 0.0145124, 0.175068, 3.29328e-06], [0.606675, 0.0003431, 0.012398, 0.0382558], [0.996424, 0.0145124, 0.175068, 3.29328e-06], [0.606675, 0.0003431, 0.012398, 0.0382558], [0.996424, 0.0145124, 0.175068, 3.29328e-06], [1, 0.0145754, 0.175064, 0], [0, 1, 1, 1], [0.606675, 0.0003431, 0.012398, 0.0382558], [0, 1, 1, 1]], "gen3-raw-d-score": [5.01171e+06, 4.91884e+06, 4.93332e+06, 4.9242e+06, 4.93325e+06, 4.93881e+06, 4.92765e+06, 4.93315e+06, 4.92765e+06, 4.93306e+06, 4.93309e+06, 5.61023e+06, 8.04159e+06, 8.46857e+06, 1.01892e+07, 9.89698e+06, 7.19987e+06, 6.79059e+06], "gen3-norm-d-score": [1.61307, 1.6135, 1.60132, 1.59223, 1.6152, 1.78584, 1.78873, 1.95565, 1.78873, 1.94419, 1.94602, 2.10902, 2.40672, 2.53461, 2.72039, 2.52382, 1.83567, 1.73205], "gen3-sparsity": 1.01644e+12, "gen3-raw-winner": [1199, 1.12031e+06, 1.18015e+06, 2.00887e+06], "gen3-norm-winner": [0.612634, 0.0428362, 0, 0.0938035], "gen3-winner-raw-d-score": 5.01171e+06, "gen3-winner-norm-d-score": 1.61307, "gen3-time": 30436, "gen4-front": [[1199, 1.12031e+06, 1.18015e+06, 2.00887e+06], [1221, 1.04278e+06, 1.20231e+06, 1.79355e+06], [1194, 1.0434e+06, 1.19778e+06, 1.7896e+06], [1521, 1.06904e+06, 1.42907e+06, 1.6386e+06], [1224, 1.04306e+06, 1.20256e+06, 1.78682e+06], [1206, 1.05937e+06, 1.18652e+06, 1.84281e+06], [1194, 1.0434e+06, 1.19778e+06, 1.7896e+06], [1224, 1.04306e+06, 1.20256e+06, 1.78682e+06], [1194, 1.0434e+06, 1.19778e+06, 1.7896e+06], [1521, 1.06904e+06, 1.42907e+06, 1.6386e+06], [1194, 1.0434e+06, 1.19778e+06, 1.7896e+06], [1521, 1.06904e+06, 1.42907e+06, 1.6386e+06], [1194, 1.0434e+06, 1.19778e+06, 1.7896e+06], [1521, 1.06904e+06, 1.42907e+06, 1.6386e+06], [1524, 1.06916e+06, 1.42906e+06, 1.63859e+06], [685, 2.85274e+06, 2.60199e+06, 5.58602e+06], [1194, 1.0434e+06, 1.19778e+06, 1.7896e+06], [685, 2.85274e+06, 2.60199e+06, 5.58602e+06], [1521, 1.06904e+06, 1.42907e+06, 1.6386e+06], [1194, 1.0434e+06, 1.19778e+06, 1.7896e+06]], "gen4-norm-front": [[0.612634, 0.0428362, 0, 0.0938035], [0.638856, 0, 0.015584, 0.0392554], [0.606675, 0.0003431, 0.012398, 0.0382558], [0.996424, 0.0145124, 0.175068, 3.29328e-06], [0.642431, 0.000153042, 0.0157634, 0.0375502], [0.620977, 0.00916702, 0.00448222, 0.0517346], [0.606675, 0.0003431, 0.012398, 0.0382558], [0.642431, 0.000153042, 0.0157634, 0.0375502], [0.606675, 0.0003431, 0.012398, 0.0382558], [0.996424, 0.0145124, 0.175068, 3.29328e-06], [0.606675, 0.0003431, 0.012398, 0.0382558], [0.996424, 0.0145124, 0.175068, 3.29328e-06], [0.606675, 0.0003431, 0.012398, 0.0382558], [0.996424, 0.0145124, 0.175068, 3.29328e-06], [1, 0.0145754, 0.175064, 0], [0, 1, 1, 1], [0.606675, 0.0003431, 0.012398, 0.0382558], [0, 1, 1, 1], [0.996424, 0.0145124, 0.175068, 3.29328e-06], [0.606675, 0.0003431, 0.012398, 0.0382558]], "gen4-raw-d-score": [5.45492e+06, 5.38505e+06, 5.38284e+06, 5.38292e+06, 5.36952e+06, 5.38284e+06, 5.36423e+06, 5.37765e+06, 5.37757e+06, 5.39095e+06, 5.39097e+06, 8.33359e+06, 8.32494e+06, 1.04733e+07, 1.04733e+07, 1.04664e+07, 7.96456e+06, 7.59659e+06, 3.40531e+06, 2.39291e+06], "gen4-norm-d-score": [1.61358, 1.61434, 1.60182, 1.61572, 1.39875, 1.60182, 1.59597, 1.78918, 1.77664, 1.95205, 1.95388, 2.53929, 2.40706, 2.90246, 2.90246, 2.78623, 2.18244, 2.09604, 1.18042, 0.608006], "gen4-sparsity": 9.09448e+11, "gen4-raw-winner": [1199, 1.12031e+06, 1.18015e+06, 2.00887e+06], "gen4-norm-winner": [0.612634, 0.0428362, 0, 0.0938035], "gen4-winner-raw-d-score": 5.45492e+06, "gen4-winner-norm-d-score": 1.61358, "gen4-time": 30722, "gen5-front": [[1199, 1.12031e+06, 1.18015e+06, 2.00887e+06], [1221, 1.04278e+06, 1.20231e+06, 1.79355e+06], [1194, 1.0434e+06, 1.19778e+06, 1.7896e+06], [1521, 1.06904e+06, 1.42907e+06, 1.6386e+06], [1224, 1.04306e+06, 1.20256e+06, 1.78682e+06], [1194, 1.0434e+06, 1.19778e+06, 1.7896e+06], [1206, 1.05937e+06, 1.18652e+06, 1.84281e+06], [1194, 1.0434e+06, 1.19778e+06, 1.7896e+06], [1521, 1.06904e+06, 1.42907e+06, 1.6386e+06], [1194, 1.0434e+06, 1.19778e+06, 1.7896e+06], [1224, 1.04306e+06, 1.20256e+06, 1.78682e+06], [1521, 1.06904e+06, 1.42907e+06, 1.6386e+06], [1194, 1.0434e+06, 1.19778e+06, 1.7896e+06], [1521, 1.06904e+06, 1.42907e+06, 1.6386e+06], [1524, 1.06916e+06, 1.42906e+06, 1.63859e+06], [685, 2.85274e+06, 2.60199e+06, 5.58602e+06], [1194, 1.0434e+06, 1.19778e+06, 1.7896e+06], [685, 2.85274e+06, 2.60199e+06, 5.58602e+06]], "gen5-norm-front": [[0.612634, 0.0428362, 0, 0.0938035], [0.638856, 0, 0.015584, 0.0392554], [0.606675, 0.0003431, 0.012398, 0.0382558], [0.996424, 0.0145124, 0.175068, 3.29328e-06], [0.642431, 0.000153042, 0.0157634, 0.0375502], [0.606675, 0.0003431, 0.012398, 0.0382558], [0.620977, 0.00916702, 0.00448222, 0.0517346], [0.606675, 0.0003431, 0.012398, 0.0382558], [0.996424, 0.0145124, 0.175068, 3.29328e-06], [0.606675, 0.0003431, 0.012398, 0.0382558], [0.642431, 0.000153042, 0.0157634, 0.0375502], [0.996424, 0.0145124, 0.175068, 3.29328e-06], [0.606675, 0.0003431, 0.012398, 0.0382558], [0.996424, 0.0145124, 0.175068, 3.29328e-06], [1, 0.0145754, 0.175064, 0], [0, 1, 1, 1], [0.606675, 0.0003431, 0.012398, 0.0382558], [0, 1, 1, 1]], "gen5-raw-d-score": [5.01171e+06, 4.91542e+06, 4.91643e+06, 4.93332e+06, 4.9242e+06, 4.93324e+06, 4.93317e+06, 4.91852e+06, 4.92765e+06, 4.91852e+06, 4.93317e+06, 5.61023e+06, 8.04159e+06, 8.46857e+06, 1.01892e+07, 9.89698e+06, 7.19987e+06, 6.79059e+06], "gen5-norm-d-score": [1.61307, 1.60802, 1.60098, 1.60132, 1.59223, 1.5873, 1.6013, 1.78059, 1.78873, 1.78059, 1.95747, 2.10902, 2.40672, 2.53461, 2.72039, 2.52382, 1.83567, 1.73205], "gen5-sparsity": 1.01644e+12, "gen5-raw-winner": [1221, 1.04278e+06, 1.20231e+06, 1.79355e+06], "gen5-norm-winner": [0.638856, 0, 0.015584, 0.0392554], "gen5-winner-raw-d-score": 4.91542e+06, "gen5-winner-norm-d-score": 1.60802, "gen5-time": 32060}, {"source": 270575, "target": 204881, "gen0-front": [[1167, 2.84419e+06, 2.58107e+06, 5.5863e+06], [1362, 639385, 884506, 958194], [1437, 712238, 849366, 1.1936e+06], [1350, 642668, 887134, 955186], [1356, 639428, 884434, 958122], [1347, 640396, 877542, 966650], [1341, 640677, 877205, 965810], [1356, 639428, 884434, 958122], [1362, 639385, 884506, 958194], [1347, 640944, 887598, 955650], [1356, 639428, 884434, 958122], [1341, 640677, 877205, 965810], [1347, 640944, 887598, 955650], [1431, 652375, 865319, 1.01568e+06], [1347, 640944, 887598, 955650], [1422, 667866, 856423, 1.05529e+06], [1359, 641152, 883970, 957658], [1344, 642401, 876741, 965346], [1356, 639428, 884434, 958122]], "gen0-norm-front": [[0, 1, 1, 1], [0.722222, 0, 0.0202921, 0.000649519], [1, 0.0330428, 0, 0.05148], [0.677778, 0.00148902, 0.0218097, 0], [0.7, 1.95028e-05, 0.0202505, 0.000633972], [0.666667, 0.000458543, 0.0162707, 0.00247543], [0.644444, 0.000585992, 0.016076, 0.00229405], [0.7, 1.95028e-05, 0.0202505, 0.000633972], [0.722222, 0, 0.0202921, 0.000649519], [0.666667, 0.000707091, 0.0220776, 0.000100192], [0.7, 1.95028e-05, 0.0202505, 0.000633972], [0.644444, 0.000585992, 0.016076, 0.00229405], [0.666667, 0.000707091, 0.0220776, 0.000100192], [0.977778, 0.00589167, 0.0092123, 0.0130616], [0.666667, 0.000707091, 0.0220776, 0.000100192], [0.944444, 0.0129177, 0.00407517, 0.0216157], [0.711111, 0.00080143, 0.0199826, 0.000533781], [0.655556, 0.00136792, 0.0158081, 0.00219386], [0.7, 1.95028e-05, 0.0202505, 0.000633972]], "gen0-raw-d-score": [6.77924e+06, 2.5171e+06, 1.62892e+06, 2.05531e+06, 1.45227e+06, 1.45417e+06, 1.45353e+06, 1.45227e+06, 1.45234e+06, 1.45324e+06, 1.45227e+06, 1.45353e+06, 1.45324e+06, 1.48525e+06, 1.45324e+06, 2.09914e+06, 1.45244e+06, 1.4537e+06, 1.45227e+06], "gen0-norm-d-score": [1.73205, 0.722508, 1.00187, 0.943329, 0.700293, 0.943211, 0.644649, 0.700293, 0.722508, 1.51431e+06, 0.700293, 0.644649, 1.08368e+06, 0.977926, 0.967131, 0.944789, 0.711392, 0.655751, 1.5781], "gen0-sparsity": 1.48526e+12, "gen0-raw-winner": [1362, 639385, 884506, 958194], "gen0-norm-winner": [0.722222, 0, 0.0202921, 0.000649519], "gen0-winner-naw-d-score": 2.5171e+06, "gen0-winner-norm-d-score": 0.722508, "gen0-time": 17519, "gen1-front": [[1362, 639385, 884506, 958194], [1350, 642668, 887134, 955186], [1341, 640677, 877205, 965810], [1344, 642401, 876741, 965346], [1356, 639428, 884434, 958122], [1359, 641152, 883970, 957658], [1347, 640396, 877542, 966650], [1422, 667866, 856423, 1.05529e+06], [1347, 640944, 887598, 955650], [1431, 652375, 865319, 1.01568e+06], [1437, 712238, 849366, 1.1936e+06], [1356, 639428, 884434, 958122], [1347, 640944, 887598, 955650], [1167, 2.84419e+06, 2.58107e+06, 5.5863e+06], [1356, 639428, 884434, 958122], [1167, 2.84419e+06, 2.58107e+06, 5.5863e+06], [1347, 640944, 887598, 955650]], "gen1-norm-front": [[0.722222, 0, 0.0202921, 0.000649519], [0.677778, 0.00148902, 0.0218097, 0], [0.644444, 0.000585992, 0.016076, 0.00229405], [0.655556, 0.00136792, 0.0158081, 0.00219386], [0.7, 1.95028e-05, 0.0202505, 0.000633972], [0.711111, 0.00080143, 0.0199826, 0.000533781], [0.666667, 0.000458543, 0.0162707, 0.00247543], [0.944444, 0.0129177, 0.00407517, 0.0216157], [0.666667, 0.000707091, 0.0220776, 0.000100192], [0.977778, 0.00589167, 0.0092123, 0.0130616], [1, 0.0330428, 0, 0.05148], [0.7, 1.95028e-05, 0.0202505, 0.000633972], [0.666667, 0.000707091, 0.0220776, 0.000100192], [0, 1, 1, 1], [0.7, 1.95028e-05, 0.0202505, 0.000633972], [0, 1, 1, 1], [0.666667, 0.000707091, 0.0220776, 0.000100192]], "gen1-raw-d-score": [2.90649e+06, 2.90646e+06, 2.90597e+06, 2.90629e+06, 2.93708e+06, 2.93756e+06, 2.95392e+06, 3.04375e+06, 3.01336e+06, 3.01336e+06, 7.2686e+06, 7.23106e+06, 9.80496e+06, 9.80496e+06, 7.08372e+06, 6.93326e+06, 1.45324e+06], "gen1-norm-d-score": [1.52232, 1.51708, 1.51212, 1.66228, 1.66682, 1.80122, 1.93355, 1.94619, 1.82753, 1.70159, 2.33004, 2.10375, 2.71658, 2.6335, 1.98377, 1.85605, 0.667033], "gen1-sparsity": 1.67092e+12, "gen1-raw-winner": [1350, 642668, 887134, 955186], "gen1-norm-winner": [0.677778, 0.00148902, 0.0218097, 0], "gen1-winner-raw-d-score": 2.90646e+06, "gen1-winner-norm-d-score": 1.51708, "gen1-time": 16716, "gen2-front": [[1350, 642668, 887134, 955186], [1362, 639385, 884506, 958194], [1347, 640944, 887598, 955650], [1341, 640677, 877205, 965810], [1344, 642401, 876741, 965346], [1356, 639428, 884434, 958122], [1431, 652375, 865319, 1.01568e+06], [1359, 641152, 883970, 957658], [1347, 640944, 887598, 955650], [1347, 640396, 877542, 966650], [1422, 667866, 856423, 1.05529e+06], [1356, 639428, 884434, 958122], [1437, 712238, 849366, 1.1936e+06], [1347, 640944, 887598, 955650], [1167, 2.84419e+06, 2.58107e+06, 5.5863e+06], [1356, 639428, 884434, 958122], [1167, 2.84419e+06, 2.58107e+06, 5.5863e+06], [1356, 639428, 884434, 958122], [1347, 640944, 887598, 955650], [1356, 639428, 884434, 958122]], "gen2-norm-front": [[0.677778, 0.00148902, 0.0218097, 0], [0.722222, 0, 0.0202921, 0.000649519], [0.666667, 0.000707091, 0.0220776, 0.000100192], [0.644444, 0.000585992, 0.016076, 0.00229405], [0.655556, 0.00136792, 0.0158081, 0.00219386], [0.7, 1.95028e-05, 0.0202505, 0.000633972], [0.977778, 0.00589167, 0.0092123, 0.0130616], [0.711111, 0.00080143, 0.0199826, 0.000533781], [0.666667, 0.000707091, 0.0220776, 0.000100192], [0.666667, 0.000458543, 0.0162707, 0.00247543], [0.944444, 0.0129177, 0.00407517, 0.0216157], [0.7, 1.95028e-05, 0.0202505, 0.000633972], [1, 0.0330428, 0, 0.05148], [0.666667, 0.000707091, 0.0220776, 0.000100192], [0, 1, 1, 1], [0.7, 1.95028e-05, 0.0202505, 0.000633972], [0, 1, 1, 1], [0.7, 1.95028e-05, 0.0202505, 0.000633972], [0.666667, 0.000707091, 0.0220776, 0.000100192], [0.7, 1.95028e-05, 0.0202505, 0.000633972]], "gen2-raw-d-score": [3.24956e+06, 3.24905e+06, 3.26389e+06, 3.26353e+06, 3.2634e+06, 3.26361e+06, 3.29169e+06, 3.27694e+06, 3.35889e+06, 3.35889e+06, 7.42467e+06, 7.41226e+06, 9.93935e+06, 9.91193e+06, 9.91193e+06, 7.37546e+06, 7.23106e+06, 2.51597e+06, 2.05451e+06, 1.45227e+06], "gen2-norm-d-score": [1.50745, 1.51754, 1.65447, 1.67285, 1.6816, 1.68596, 1.8013, 1.66696, 1.81009, 1.81009, 2.41489, 2.33013, 2.81764, 2.72502, 2.72502, 2.21724, 2.10375, 1.19405, 0.967131, 0.700293], "gen2-sparsity": 1.40709e+12, "gen2-raw-winner": [1350, 642668, 887134, 955186], "gen2-norm-winner": [0.677778, 0.00148902, 0.0218097, 0], "gen2-winner-raw-d-score": 3.24956e+06, "gen2-winner-norm-d-score": 1.50745, "gen2-time": 17609, "gen3-front": [[1350, 642668, 887134, 955186], [1362, 639385, 884506, 958194], [1356, 639428, 884434, 958122], [1347, 640944, 887598, 955650], [1356, 639428, 884434, 958122], [1347, 640944, 887598, 955650], [1359, 641152, 883970, 957658], [1341, 640677, 877205, 965810], [1344, 642401, 876741, 965346], [1356, 639428, 884434, 958122], [1431, 652375, 865319, 1.01568e+06], [1347, 640944, 887598, 955650], [1347, 640396, 877542, 966650], [1356, 639428, 884434, 958122], [1422, 667866, 856423, 1.05529e+06], [1347, 640944, 887598, 955650], [1437, 712238, 849366, 1.1936e+06], [1167, 2.84419e+06, 2.58107e+06, 5.5863e+06], [1356, 639428, 884434, 958122], [1167, 2.84419e+06, 2.58107e+06, 5.5863e+06]], "gen3-norm-front": [[0.677778, 0.00148902, 0.0218097, 0], [0.722222, 0, 0.0202921, 0.000649519], [0.7, 1.95028e-05, 0.0202505, 0.000633972], [0.666667, 0.000707091, 0.0220776, 0.000100192], [0.7, 1.95028e-05, 0.0202505, 0.000633972], [0.666667, 0.000707091, 0.0220776, 0.000100192], [0.711111, 0.00080143, 0.0199826, 0.000533781], [0.644444, 0.000585992, 0.016076, 0.00229405], [0.655556, 0.00136792, 0.0158081, 0.00219386], [0.7, 1.95028e-05, 0.0202505, 0.000633972], [0.977778, 0.00589167, 0.0092123, 0.0130616], [0.666667, 0.000707091, 0.0220776, 0.000100192], [0.666667, 0.000458543, 0.0162707, 0.00247543], [0.7, 1.95028e-05, 0.0202505, 0.000633972], [0.944444, 0.0129177, 0.00407517, 0.0216157], [0.666667, 0.000707091, 0.0220776, 0.000100192], [1, 0.0330428, 0, 0.05148], [0, 1, 1, 1], [0.7, 1.95028e-05, 0.0202505, 0.000633972], [0, 1, 1, 1]], "gen3-raw-d-score": [3.24835e+06, 3.24828e+06, 3.24832e+06, 3.24888e+06, 3.24909e+06, 3.24909e+06, 3.26353e+06, 3.26389e+06, 3.26417e+06, 3.26354e+06, 3.29161e+06, 3.27729e+06, 3.35889e+06, 7.42467e+06, 7.42467e+06, 9.93935e+06, 9.83254e+06, 9.69667e+06, 6.93305e+06, 6.77924e+06], "gen3-norm-d-score": [1.55165, 1.54684, 1.54168, 1.51721, 1.51228, 1.51228, 1.67285, 1.65447, 1.66325, 1.68131, 1.79695, 1.64852, 1.81009, 2.41489, 2.41489, 2.81764, 2.73754, 2.54763, 1.86826, 1.73205], "gen3-sparsity": 1.40709e+12, "gen3-raw-winner": [1362, 639385, 884506, 958194], "gen3-norm-winner": [0.722222, 0, 0.0202921, 0.000649519], "gen3-winner-raw-d-score": 3.24828e+06, "gen3-winner-norm-d-score": 1.54684, "gen3-time": 17393, "gen4-front": [[1362, 639385, 884506, 958194], [1350, 642668, 887134, 955186], [1356, 639428, 884434, 958122], [1347, 640944, 887598, 955650], [1356, 639428, 884434, 958122], [1347, 640944, 887598, 955650], [1341, 640677, 877205, 965810], [1344, 642401, 876741, 965346], [1359, 641152, 883970, 957658], [1356, 639428, 884434, 958122], [1431, 652375, 865319, 1.01568e+06], [1347, 640396, 877542, 966650], [1356, 639428, 884434, 958122], [1422, 667866, 856423, 1.05529e+06], [1437, 712238, 849366, 1.1936e+06], [1347, 640944, 887598, 955650], [1167, 2.84419e+06, 2.58107e+06, 5.5863e+06], [1356, 639428, 884434, 958122], [1167, 2.84419e+06, 2.58107e+06, 5.5863e+06]], "gen4-norm-front": [[0.722222, 0, 0.0202921, 0.000649519], [0.677778, 0.00148902, 0.0218097, 0], [0.7, 1.95028e-05, 0.0202505, 0.000633972], [0.666667, 0.000707091, 0.0220776, 0.000100192], [0.7, 1.95028e-05, 0.0202505, 0.000633972], [0.666667, 0.000707091, 0.0220776, 0.000100192], [0.644444, 0.000585992, 0.016076, 0.00229405], [0.655556, 0.00136792, 0.0158081, 0.00219386], [0.711111, 0.00080143, 0.0199826, 0.000533781], [0.7, 1.95028e-05, 0.0202505, 0.000633972], [0.977778, 0.00589167, 0.0092123, 0.0130616], [0.666667, 0.000458543, 0.0162707, 0.00247543], [0.7, 1.95028e-05, 0.0202505, 0.000633972], [0.944444, 0.0129177, 0.00407517, 0.0216157], [1, 0.0330428, 0, 0.05148], [0.666667, 0.000707091, 0.0220776, 0.000100192], [0, 1, 1, 1], [0.7, 1.95028e-05, 0.0202505, 0.000633972], [0, 1, 1, 1]], "gen4-raw-d-score": [3.10384e+06, 3.10502e+06, 3.10193e+06, 3.10274e+06, 3.10475e+06, 3.10461e+06, 3.10146e+06, 3.11738e+06, 3.11935e+06, 3.11741e+06, 3.1546e+06, 3.22007e+06, 4.8907e+06, 7.36259e+06, 8.22094e+06, 9.80496e+06, 9.69667e+06, 6.93305e+06, 6.77924e+06], "gen4-norm-d-score": [1.55165, 1.52661, 1.51204, 1.49193, 1.51228, 1.51228, 1.67279, 1.68153, 1.6994, 1.80943, 1.94555, 1.81009, 2.19812, 2.41489, 2.63421, 2.6335, 2.54763, 1.86826, 1.73205], "gen4-sparsity": 1.48526e+12, "gen4-raw-winner": [1350, 642668, 887134, 955186], "gen4-norm-winner": [0.677778, 0.00148902, 0.0218097, 0], "gen4-winner-raw-d-score": 3.10502e+06, "gen4-winner-norm-d-score": 1.52661, "gen4-time": 17182, "gen5-front": [[1350, 642668, 887134, 955186], [1362, 639385, 884506, 958194], [1347, 640944, 887598, 955650], [1356, 639428, 884434, 958122], [1347, 640944, 887598, 955650], [1356, 639428, 884434, 958122], [1341, 640677, 877205, 965810], [1344, 642401, 876741, 965346], [1359, 641152, 883970, 957658], [1356, 639428, 884434, 958122], [1347, 640396, 877542, 966650], [1356, 639428, 884434, 958122], [1431, 652375, 865319, 1.01568e+06], [1356, 639428, 884434, 958122], [1422, 667866, 856423, 1.05529e+06], [1347, 640944, 887598, 955650], [1437, 712238, 849366, 1.1936e+06], [1167, 2.84419e+06, 2.58107e+06, 5.5863e+06], [1356, 639428, 884434, 958122], [1167, 2.84419e+06, 2.58107e+06, 5.5863e+06], [1341, 640677, 877205, 965810]], "gen5-norm-front": [[0.677778, 0.00148902, 0.0218097, 0], [0.722222, 0, 0.0202921, 0.000649519], [0.666667, 0.000707091, 0.0220776, 0.000100192], [0.7, 1.95028e-05, 0.0202505, 0.000633972], [0.666667, 0.000707091, 0.0220776, 0.000100192], [0.7, 1.95028e-05, 0.0202505, 0.000633972], [0.644444, 0.000585992, 0.016076, 0.00229405], [0.655556, 0.00136792, 0.0158081, 0.00219386], [0.711111, 0.00080143, 0.0199826, 0.000533781], [0.7, 1.95028e-05, 0.0202505, 0.000633972], [0.666667, 0.000458543, 0.0162707, 0.00247543], [0.7, 1.95028e-05, 0.0202505, 0.000633972], [0.977778, 0.00589167, 0.0092123, 0.0130616], [0.7, 1.95028e-05, 0.0202505, 0.000633972], [0.944444, 0.0129177, 0.00407517, 0.0216157], [0.666667, 0.000707091, 0.0220776, 0.000100192], [1, 0.0330428, 0, 0.05148], [0, 1, 1, 1], [0.7, 1.95028e-05, 0.0202505, 0.000633972], [0, 1, 1, 1], [0.644444, 0.000585992, 0.016076, 0.00229405]], "gen5-raw-d-score": [1.45341e+06, 1.45234e+06, 1.45324e+06, 1.45227e+06, 1.45324e+06, 1.45227e+06, 1.45353e+06, 1.4537e+06, 1.45244e+06, 2.05451e+06, 2.0565e+06, 2.05451e+06, 1.48525e+06, 1.45227e+06, 2.09815e+06, 2.05451e+06, 1.62892e+06, 6.77924e+06, 1.45227e+06, 6.77924e+06, 1.45353e+06], "gen5-norm-d-score": [1.45324e+06, 0.722508, 0.667033, 0.700293, 0.667033, 0.700293, 1422, 0.655751, 0.711392, 0.700293, 0.66687, 1.45353e+06, 1.45227e+06, 0.967019, 1.45341e+06, 0.667033, 1.00187, 1.73205, 0.700293, 1.73205, 0.927634], "gen5-sparsity": 1.33674e+12, "gen5-raw-winner": [1362, 639385, 884506, 958194], "gen5-norm-winner": [0.722222, 0, 0.0202921, 0.000649519], "gen5-winner-raw-d-score": 1.45234e+06, "gen5-winner-norm-d-score": 0.722508, "gen5-time": 17289}, {"source": 26936, "target": 192481, "gen0-front": [[840, 703274, 691545, 1.33173e+06], [999, 448126, 589699, 688738], [1014, 539788, 541676, 1.00062e+06], [999, 448126, 589699, 688738], [948, 457838, 555549, 750269], [999, 448126, 589699, 688738], [948, 457838, 555549, 750269], [999, 448126, 589699, 688738], [948, 457838, 555549, 750269], [999, 448126, 589699, 688738], [969, 452428, 568344, 722573], [999, 448126, 589699, 688738], [969, 452428, 568344, 722573]], "gen0-norm-front": [[0, 1, 1, 1], [0.913793, 0, 0.320433, 0], [1, 0.35925, 0, 0.485038], [0.913793, 0, 0.320433, 0], [0.62069, 0.0380642, 0.0925675, 0.0956944], [0.913793, 0, 0.320433, 0], [0.62069, 0.0380642, 0.0925675, 0.0956944], [0.913793, 0, 0.320433, 0], [0.62069, 0.0380642, 0.0925675, 0.0956944], [0.913793, 0, 0.320433, 0], [0.741379, 0.0168608, 0.177942, 0.0526209], [0.913793, 0, 0.320433, 0], [0.741379, 0.0168608, 0.177942, 0.0526209]], "gen0-raw-d-score": [1.65721e+06, 1.0114e+06, 1.25937e+06, 1.0114e+06, 1.03979e+06, 1.0114e+06, 1.03979e+06, 1.0114e+06, 1.03979e+06, 1.0114e+06, 1.02461e+06, 1.0114e+06, 1.02461e+06], "gen0-norm-d-score": [1.73205, 0.968347, 1.16804, 0.968347, 0.635949, 1.02461e+06, 0.635949, 0.968347, 0.635949, 0.968347, 0.764434, 0.968347, 1.23372], "gen0-sparsity": 1.82417e+10, "gen0-raw-winner": [999, 448126, 589699, 688738], "gen0-norm-winner": [0.913793, 0, 0.320433, 0], "gen0-winner-naw-d-score": 1.0114e+06, "gen0-winner-norm-d-score": 0.968347, "gen0-time": 13642, "gen1-front": [[999, 448126, 589699, 688738], [948, 457838, 555549, 750269], [969, 452428, 568344, 722573], [1014, 539788, 541676, 1.00062e+06], [969, 452428, 568344, 722573], [840, 703274, 691545, 1.33173e+06], [999, 448126, 589699, 688738], [969, 452428, 568344, 722573], [999, 448126, 589699, 688738], [840, 703274, 691545, 1.33173e+06], [969, 452428, 568344, 722573], [999, 448126, 589699, 688738], [948, 457838, 555549, 750269], [969, 452428, 568344, 722573]], "gen1-norm-front": [[0.913793, 0, 0.320433, 0], [0.62069, 0.0380642, 0.0925675, 0.0956944], [0.741379, 0.0168608, 0.177942, 0.0526209], [1, 0.35925, 0, 0.485038], [0.741379, 0.0168608, 0.177942, 0.0526209], [0, 1, 1, 1], [0.913793, 0, 0.320433, 0], [0.741379, 0.0168608, 0.177942, 0.0526209], [0.913793, 0, 0.320433, 0], [0, 1, 1, 1], [0.741379, 0.0168608, 0.177942, 0.0526209], [0.913793, 0, 0.320433, 0], [0.62069, 0.0380642, 0.0925675, 0.0956944], [0.741379, 0.0168608, 0.177942, 0.0526209]], "gen1-raw-d-score": [1.0114e+06, 1.03979e+06, 1.02461e+06, 1.33817e+06, 1.02461e+06, 1.65721e+06, 1.0114e+06, 1.02461e+06, 1.0114e+06, 1.65721e+06, 1.02461e+06, 1.0114e+06, 1.03979e+06, 1.44901e+06], "gen1-norm-d-score": [0.968347, 0.635949, 0.764434, 1.16804, 0.764434, 1.73205, 0.968347, 0.764434, 0