{"data": [{"source": 200128, "target": 37658, "gen0-front": [[966, 1.13237e+06, 1.04308e+06, 2.18906e+06], [1317, 687924, 905121, 1.04533e+06], [1575, 829639, 868224, 1.48612e+06], [1311, 687967, 905049, 1.04526e+06]], "gen0-norm-front": [[0, 1, 1, 1], [0.576355, 0, 0.211008, 6.29482e-05], [1, 0.318859, 0, 0.385438], [0.566502, 9.67501e-05, 0.210596, 0]], "gen0-raw-d-score": [2.67624e+06, 1.54441e+06, 1.91068e+06, 1.54434e+06], "gen0-norm-d-score": [1.73205, 0.613766, 1.11814, 0.60438], "gen0-sparsity": 2.73507e+11, "gen0-raw-winner": [1311, 687967, 905049, 1.04526e+06], "gen0-norm-winner": [0.566502, 9.67501e-05, 0.210596, 0], "gen0-winner-naw-d-score": 1.54434e+06, "gen0-winner-norm-d-score": 0.60438, "gen0-time": 5277, "gen1-front": [[1311, 687967, 905049, 1.04526e+06], [1317, 687924, 905121, 1.04533e+06], [1575, 829639, 868224, 1.48612e+06], [966, 1.13237e+06, 1.04308e+06, 2.18906e+06], [1311, 687967, 905049, 1.04526e+06], [966, 1.13237e+06, 1.04308e+06, 2.18906e+06]], "gen1-norm-front": [[0.566502, 9.67501e-05, 0.210596, 0], [0.576355, 0, 0.211008, 6.29482e-05], [1, 0.318859, 0, 0.385438], [0, 1, 1, 1], [0.566502, 9.67501e-05, 0.210596, 0], [0, 1, 1, 1]], "gen1-raw-d-score": [1.69063e+06, 1.75314e+06, 2.22102e+06, 2.76325e+06, 1.91501e+06, 2.67624e+06], "gen1-norm-d-score": [0.835141, 1.21589, 1.50008, 1.82234, 1.16845, 1.73205], "gen1-sparsity": 1.64104e+11, "gen1-raw-winner": [1311, 687967, 905049, 1.04526e+06], "gen1-norm-winner": [0.566502, 9.67501e-05, 0.210596, 0], "gen1-winner-raw-d-score": 1.69063e+06, "gen1-winner-norm-d-score": 0.835141, "gen1-time": 4386, "gen2-front": [[1311, 687967, 905049, 1.04526e+06], [1317, 687924, 905121, 1.04533e+06], [1575, 829639, 868224, 1.48612e+06], [966, 1.13237e+06, 1.04308e+06, 2.18906e+06], [1311, 687967, 905049, 1.04526e+06], [966, 1.13237e+06, 1.04308e+06, 2.18906e+06]], "gen2-norm-front": [[0.566502, 9.67501e-05, 0.210596, 0], [0.576355, 0, 0.211008, 6.29482e-05], [1, 0.318859, 0, 0.385438], [0, 1, 1, 1], [0.566502, 9.67501e-05, 0.210596, 0], [0, 1, 1, 1]], "gen2-raw-d-score": [1.69063e+06, 1.75314e+06, 2.22102e+06, 2.76325e+06, 1.91501e+06, 2.67624e+06], "gen2-norm-d-score": [0.835141, 1.21589, 1.50008, 1.82234, 1.16845, 1.73205], "gen2-sparsity": 1.64104e+11, "gen2-raw-winner": [1311, 687967, 905049, 1.04526e+06], "gen2-norm-winner": [0.566502, 9.67501e-05, 0.210596, 0], "gen2-winner-raw-d-score": 1.69063e+06, "gen2-winner-norm-d-score": 0.835141, "gen2-time": 6859, "gen3-front": [[1311, 687967, 905049, 1.04526e+06], [1317, 687924, 905121, 1.04533e+06], [1575, 829639, 868224, 1.48612e+06], [966, 1.13237e+06, 1.04308e+06, 2.18906e+06], [1311, 687967, 905049, 1.04526e+06], [966, 1.13237e+06, 1.04308e+06, 2.18906e+06]], "gen3-norm-front": [[0.566502, 9.67501e-05, 0.210596, 0], [0.576355, 0, 0.211008, 6.29482e-05], [1, 0.318859, 0, 0.385438], [0, 1, 1, 1], [0.566502, 9.67501e-05, 0.210596, 0], [0, 1, 1, 1]], "gen3-raw-d-score": [1.69063e+06, 1.75314e+06, 2.22102e+06, 2.76325e+06, 1.91501e+06, 2.67624e+06], "gen3-norm-d-score": [0.835141, 1.21589, 1.50008, 1.82234, 1.16845, 1.73205], "gen3-sparsity": 1.64104e+11, "gen3-raw-winner": [1311, 687967, 905049, 1.04526e+06], "gen3-norm-winner": [0.566502, 9.67501e-05, 0.210596, 0], "gen3-winner-raw-d-score": 1.69063e+06, "gen3-winner-norm-d-score": 0.835141, "gen3-time": 6415, "gen4-front": [[1311, 687967, 905049, 1.04526e+06], [1317, 687924, 905121, 1.04533e+06], [1575, 829639, 868224, 1.48612e+06], [966, 1.13237e+06, 1.04308e+06, 2.18906e+06], [1311, 687967, 905049, 1.04526e+06], [966, 1.13237e+06, 1.04308e+06, 2.18906e+06]], "gen4-norm-front": [[0.566502, 9.67501e-05, 0.210596, 0], [0.576355, 0, 0.211008, 6.29482e-05], [1, 0.318859, 0, 0.385438], [0, 1, 1, 1], [0.566502, 9.67501e-05, 0.210596, 0], [0, 1, 1, 1]], "gen4-raw-d-score": [1.69063e+06, 1.75314e+06, 2.22102e+06, 2.76325e+06, 1.91501e+06, 2.67624e+06], "gen4-norm-d-score": [0.835141, 1.21589, 1.50008, 1.82234, 1.16845, 1.73205], "gen4-sparsity": 1.64104e+11, "gen4-raw-winner": [1311, 687967, 905049, 1.04526e+06], "gen4-norm-winner": [0.566502, 9.67501e-05, 0.210596, 0], "gen4-winner-raw-d-score": 1.69063e+06, "gen4-winner-norm-d-score": 0.835141, "gen4-time": 6486, "gen5-front": [[1311, 687967, 905049, 1.04526e+06], [1317, 687924, 905121, 1.04533e+06], [1575, 829639, 868224, 1.48612e+06], [966, 1.13237e+06, 1.04308e+06, 2.18906e+06], [1311, 687967, 905049, 1.04526e+06], [966, 1.13237e+06, 1.04308e+06, 2.18906e+06]], "gen5-norm-front": [[0.566502, 9.67501e-05, 0.210596, 0], [0.576355, 0, 0.211008, 6.29482e-05], [1, 0.318859, 0, 0.385438], [0, 1, 1, 1], [0.566502, 9.67501e-05, 0.210596, 0], [0, 1, 1, 1]], "gen5-raw-d-score": [1.69063e+06, 1.75314e+06, 2.22102e+06, 2.76325e+06, 1.91501e+06, 2.67624e+06], "gen5-norm-d-score": [0.835141, 1.21589, 1.50008, 1.82234, 1.16845, 1.73205], "gen5-sparsity": 1.64104e+11, "gen5-raw-winner": [1311, 687967, 905049, 1.04526e+06], "gen5-norm-winner": [0.566502, 9.67501e-05, 0.210596, 0], "gen5-winner-raw-d-score": 1.69063e+06, "gen5-winner-norm-d-score": 0.835141, "gen5-time": 6644}, {"source": 75608, "target": 287676, "gen0-front": [[685, 2.85274e+06, 2.60199e+06, 5.58602e+06], [1221, 1.04278e+06, 1.20231e+06, 1.79355e+06], [1199, 1.12031e+06, 1.18015e+06, 2.00887e+06], [1524, 1.06916e+06, 1.42906e+06, 1.63859e+06]], "gen0-norm-front": [[0, 1, 1, 1], [0.638856, 0, 0.015584, 0.0392554], [0.612634, 0.0428362, 0, 0.0938035], [1, 0.0145754, 0.175064, 0]], "gen0-raw-d-score": [6.79059e+06, 2.39786e+06, 2.58523e+06, 2.42287e+06], "gen0-norm-d-score": [1.73205, 0.64025, 0.621252, 1.01531], "gen0-sparsity": 5.76623e+12, "gen0-raw-winner": [1199, 1.12031e+06, 1.18015e+06, 2.00887e+06], "gen0-norm-winner": [0.612634, 0.0428362, 0, 0.0938035], "gen0-winner-naw-d-score": 2.58523e+06, "gen0-winner-norm-d-score": 0.621252, "gen0-time": 7175, "gen1-front": [[1199, 1.12031e+06, 1.18015e+06, 2.00887e+06], [1221, 1.04278e+06, 1.20231e+06, 1.79355e+06], [1524, 1.06916e+06, 1.42906e+06, 1.63859e+06], [685, 2.85274e+06, 2.60199e+06, 5.58602e+06], [1194, 1.0434e+06, 1.19778e+06, 1.7896e+06], [685, 2.85274e+06, 2.60199e+06, 5.58602e+06]], "gen1-norm-front": [[0.612634, 0.0428362, 0, 0.0938035], [0.638856, 0, 0.015584, 0.0392554], [1, 0.0145754, 0.175064, 0], [0, 1, 1, 1], [0.606675, 0.0003431, 0.012398, 0.0382558], [0, 1, 1, 1]], "gen1-raw-d-score": [2.58523e+06, 2.62542e+06, 2.42287e+06, 6.79059e+06, 2.39291e+06, 6.79059e+06], "gen1-norm-d-score": [0.621252, 1.18749, 1.42508, 1.83523, 0.608006, 1.73205], "gen1-sparsity": 3.45946e+12, "gen1-raw-winner": [1199, 1.12031e+06, 1.18015e+06, 2.00887e+06], "gen1-norm-winner": [0.612634, 0.0428362, 0, 0.0938035], "gen1-winner-raw-d-score": 2.58523e+06, "gen1-winner-norm-d-score": 0.621252, "gen1-time": 5881, "gen2-front": [[1199, 1.12031e+06, 1.18015e+06, 2.00887e+06], [1221, 1.04278e+06, 1.20231e+06, 1.79355e+06], [1194, 1.0434e+06, 1.19778e+06, 1.7896e+06], [1524, 1.06916e+06, 1.42906e+06, 1.63859e+06], [685, 2.85274e+06, 2.60199e+06, 5.58602e+06], [1194, 1.0434e+06, 1.19778e+06, 1.7896e+06], [685, 2.85274e+06, 2.60199e+06, 5.58602e+06]], "gen2-norm-front": [[0.612634, 0.0428362, 0, 0.0938035], [0.638856, 0, 0.015584, 0.0392554], [0.606675, 0.0003431, 0.012398, 0.0382558], [1, 0.0145754, 0.175064, 0], [0, 1, 1, 1], [0.606675, 0.0003431, 0.012398, 0.0382558], [0, 1, 1, 1]], "gen2-raw-d-score": [3.03584e+06, 2.8763e+06, 2.98519e+06, 4.55837e+06, 6.97391e+06, 4.54252e+06, 6.79059e+06], "gen2-norm-d-score": [0.891254, 0.882116, 1.18344, 1.74094, 1.83527, 1.53937, 1.73205], "gen2-sparsity": 2.88288e+12, "gen2-raw-winner": [1221, 1.04278e+06, 1.20231e+06, 1.79355e+06], "gen2-norm-winner": [0.638856, 0, 0.015584, 0.0392554], "gen2-winner-raw-d-score": 2.8763e+06, "gen2-winner-norm-d-score": 0.882116, "gen2-time": 8653, "gen3-front": [[1221, 1.04278e+06, 1.20231e+06, 1.79355e+06], [1199, 1.12031e+06, 1.18015e+06, 2.00887e+06], [1194, 1.0434e+06, 1.19778e+06, 1.7896e+06], [1524, 1.06916e+06, 1.42906e+06, 1.63859e+06], [685, 2.85274e+06, 2.60199e+06, 5.58602e+06], [1194, 1.0434e+06, 1.19778e+06, 1.7896e+06], [685, 2.85274e+06, 2.60199e+06, 5.58602e+06]], "gen3-norm-front": [[0.638856, 0, 0.015584, 0.0392554], [0.612634, 0.0428362, 0, 0.0938035], [0.606675, 0.0003431, 0.012398, 0.0382558], [1, 0.0145754, 0.175064, 0], [0, 1, 1, 1], [0.606675, 0.0003431, 0.012398, 0.0382558], [0, 1, 1, 1]], "gen3-raw-d-score": [2.89786e+06, 3.03426e+06, 2.98519e+06, 4.55837e+06, 6.97391e+06, 4.54252e+06, 6.79059e+06], "gen3-norm-d-score": [0.887173, 0.868425, 1.18344, 1.74094, 1.83527, 1.53937, 1.73205], "gen3-sparsity": 2.88288e+12, "gen3-raw-winner": [1199, 1.12031e+06, 1.18015e+06, 2.00887e+06], "gen3-norm-winner": [0.612634, 0.0428362, 0, 0.0938035], "gen3-winner-raw-d-score": 3.03426e+06, "gen3-winner-norm-d-score": 0.868425, "gen3-time": 10180, "gen4-front": [[1199, 1.12031e+06, 1.18015e+06, 2.00887e+06], [1221, 1.04278e+06, 1.20231e+06, 1.79355e+06], [1194, 1.0434e+06, 1.19778e+06, 1.7896e+06], [1524, 1.06916e+06, 1.42906e+06, 1.63859e+06], [685, 2.85274e+06, 2.60199e+06, 5.58602e+06], [1194, 1.0434e+06, 1.19778e+06, 1.7896e+06], [685, 2.85274e+06, 2.60199e+06, 5.58602e+06]], "gen4-norm-front": [[0.612634, 0.0428362, 0, 0.0938035], [0.638856, 0, 0.015584, 0.0392554], [0.606675, 0.0003431, 0.012398, 0.0382558], [1, 0.0145754, 0.175064, 0], [0, 1, 1, 1], [0.606675, 0.0003431, 0.012398, 0.0382558], [0, 1, 1, 1]], "gen4-raw-d-score": [3.03584e+06, 2.8763e+06, 2.98519e+06, 4.55837e+06, 6.97391e+06, 4.54252e+06, 6.79059e+06], "gen4-norm-d-score": [0.891254, 0.882116, 1.18344, 1.74094, 1.83527, 1.53937, 1.73205], "gen4-sparsity": 2.88288e+12, "gen4-raw-winner": [1221, 1.04278e+06, 1.20231e+06, 1.79355e+06], "gen4-norm-winner": [0.638856, 0, 0.015584, 0.0392554], "gen4-winner-raw-d-score": 2.8763e+06, "gen4-winner-norm-d-score": 0.882116, "gen4-time": 10237, "gen5-front": [[1221, 1.04278e+06, 1.20231e+06, 1.79355e+06], [1199, 1.12031e+06, 1.18015e+06, 2.00887e+06], [1194, 1.0434e+06, 1.19778e+06, 1.7896e+06], [1524, 1.06916e+06, 1.42906e+06, 1.63859e+06], [685, 2.85274e+06, 2.60199e+06, 5.58602e+06], [1194, 1.0434e+06, 1.19778e+06, 1.7896e+06], [685, 2.85274e+06, 2.60199e+06, 5.58602e+06]], "gen5-norm-front": [[0.638856, 0, 0.015584, 0.0392554], [0.612634, 0.0428362, 0, 0.0938035], [0.606675, 0.0003431, 0.012398, 0.0382558], [1, 0.0145754, 0.175064, 0], [0, 1, 1, 1], [0.606675, 0.0003431, 0.012398, 0.0382558], [0, 1, 1, 1]], "gen5-raw-d-score": [2.89786e+06, 3.03426e+06, 2.98519e+06, 4.55837e+06, 6.97391e+06, 4.54252e+06, 6.79059e+06], "gen5-norm-d-score": [0.887173, 0.868425, 1.18344, 1.74094, 1.83527, 1.53937, 1.73205], "gen5-sparsity": 2.88288e+12, "gen5-raw-winner": [1199, 1.12031e+06, 1.18015e+06, 2.00887e+06], "gen5-norm-winner": [0.612634, 0.0428362, 0, 0.0938035], "gen5-winner-raw-d-score": 3.03426e+06, "gen5-winner-norm-d-score": 0.868425, "gen5-time": 10145}, {"source": 270575, "target": 204881, "gen0-front": [[1167, 2.84419e+06, 2.58107e+06, 5.5863e+06], [1362, 639385, 884506, 958194], [1437, 712238, 849366, 1.1936e+06], [1350, 642668, 887134, 955186]], "gen0-norm-front": [[0, 1, 1, 1], [0.722222, 0, 0.0202921, 0.000649519], [1, 0.0330428, 0, 0.05148], [0.677778, 0.00148902, 0.0218097, 0]], "gen0-raw-d-score": [6.77924e+06, 1.45234e+06, 1.62892e+06, 1.45341e+06], "gen0-norm-d-score": [1.73205, 0.722508, 1.00187, 0.67813], "gen0-sparsity": 8.92402e+12, "gen0-raw-winner": [1350, 642668, 887134, 955186], "gen0-norm-winner": [0.677778, 0.00148902, 0.0218097, 0], "gen0-winner-naw-d-score": 1.45341e+06, "gen0-winner-norm-d-score": 0.67813, "gen0-time": 4748, "gen1-front": [[1350, 642668, 887134, 955186], [1362, 639385, 884506, 958194], [1437, 712238, 849366, 1.1936e+06], [1167, 2.84419e+06, 2.58107e+06, 5.5863e+06], [1356, 639428, 884434, 958122], [1167, 2.84419e+06, 2.58107e+06, 5.5863e+06]], "gen1-norm-front": [[0.677778, 0.00148902, 0.0218097, 0], [0.722222, 0, 0.0202921, 0.000649519], [1, 0.0330428, 0, 0.05148], [0, 1, 1, 1], [0.7, 1.95028e-05, 0.0202505, 0.000633972], [0, 1, 1, 1]], "gen1-raw-d-score": [1.45341e+06, 1.45234e+06, 1.62892e+06, 6.77924e+06, 3.19351e+06, 6.77924e+06], "gen1-norm-d-score": [0.67813, 0.722508, 1.00187, 1.86815, 0.700293, 1.73205], "gen1-sparsity": 5.35441e+12, "gen1-raw-winner": [1350, 642668, 887134, 955186], "gen1-norm-winner": [0.677778, 0.00148902, 0.0218097, 0], "gen1-winner-raw-d-score": 1.45341e+06, "gen1-winner-norm-d-score": 0.67813, "gen1-time": 3924, "gen2-front": [[1350, 642668, 887134, 955186], [1362, 639385, 884506, 958194], [1356, 639428, 884434, 958122], [1437, 712238, 849366, 1.1936e+06], [1167, 2.84419e+06, 2.58107e+06, 5.5863e+06], [1356, 639428, 884434, 958122], [1167, 2.84419e+06, 2.58107e+06, 5.5863e+06]], "gen2-norm-front": [[0.677778, 0.00148902, 0.0218097, 0], [0.722222, 0, 0.0202921, 0.000649519], [0.7, 1.95028e-05, 0.0202505, 0.000633972], [1, 0.0330428, 0, 0.05148], [0, 1, 1, 1], [0.7, 1.95028e-05, 0.0202505, 0.000633972], [0, 1, 1, 1]], "gen2-raw-d-score": [1.81757e+06, 1.8167e+06, 1.82696e+06, 4.1719e+06, 6.86653e+06, 4.10615e+06, 6.77924e+06], "gen2-norm-d-score": [0.990897, 1.00619, 1.22127, 1.73313, 1.86826, 1.5781, 1.73205], "gen2-sparsity": 4.46201e+12, "gen2-raw-winner": [1350, 642668, 887134, 955186], "gen2-norm-winner": [0.677778, 0.00148902, 0.0218097, 0], "gen2-winner-raw-d-score": 1.81757e+06, "gen2-winner-norm-d-score": 0.990897, "gen2-time": 6256, "gen3-front": [[1350, 642668, 887134, 955186], [1362, 639385, 884506, 958194], [1356, 639428, 884434, 958122], [1437, 712238, 849366, 1.1936e+06], [1167, 2.84419e+06, 2.58107e+06, 5.5863e+06], [1356, 639428, 884434, 958122], [1167, 2.84419e+06, 2.58107e+06, 5.5863e+06]], "gen3-norm-front": [[0.677778, 0.00148902, 0.0218097, 0], [0.722222, 0, 0.0202921, 0.000649519], [0.7, 1.95028e-05, 0.0202505, 0.000633972], [1, 0.0330428, 0, 0.05148], [0, 1, 1, 1], [0.7, 1.95028e-05, 0.0202505, 0.000633972], [0, 1, 1, 1]], "gen3-raw-d-score": [1.81757e+06, 1.8167e+06, 1.82696e+06, 4.1719e+06, 6.86653e+06, 4.10615e+06, 6.77924e+06], "gen3-norm-d-score": [0.990897, 1.00619, 1.22127, 1.73313, 1.86826, 1.5781, 1.73205], "gen3-sparsity": 4.46201e+12, "gen3-raw-winner": [1350, 642668, 887134, 955186], "gen3-norm-winner": [0.677778, 0.00148902, 0.0218097, 0], "gen3-winner-raw-d-score": 1.81757e+06, "gen3-winner-norm-d-score": 0.990897, "gen3-time": 7117, "gen4-front": [[1350, 642668, 887134, 955186], [1362, 639385, 884506, 958194], [1356, 639428, 884434, 958122], [1437, 712238, 849366, 1.1936e+06], [1167, 2.84419e+06, 2.58107e+06, 5.5863e+06], [1356, 639428, 884434, 958122], [1167, 2.84419e+06, 2.58107e+06, 5.5863e+06]], "gen4-norm-front": [[0.677778, 0.00148902, 0.0218097, 0], [0.722222, 0, 0.0202921, 0.000649519], [0.7, 1.95028e-05, 0.0202505, 0.000633972], [1, 0.0330428, 0, 0.05148], [0, 1, 1, 1], [0.7, 1.95028e-05, 0.0202505, 0.000633972], [0, 1, 1, 1]], "gen4-raw-d-score": [1.81757e+06, 1.8167e+06, 1.82696e+06, 4.1719e+06, 6.86653e+06, 4.10615e+06, 6.77924e+06], "gen4-norm-d-score": [0.990897, 1.00619, 1.22127, 1.73313, 1.86826, 1.5781, 1.73205], "gen4-sparsity": 4.46201e+12, "gen4-raw-winner": [1350, 642668, 887134, 955186], "gen4-norm-winner": [0.677778, 0.00148902, 0.0218097, 0], "gen4-winner-raw-d-score": 1.81757e+06, "gen4-winner-norm-d-score": 0.990897, "gen4-time": 7587, "gen5-front": [[1350, 642668, 887134, 955186], [1362, 639385, 884506, 958194], [1356, 639428, 884434, 958122], [1437, 712238, 849366, 1.1936e+06], [1167, 2.84419e+06, 2.58107e+06, 5.5863e+06], [1356, 639428, 884434, 958122], [1167, 2.84419e+06, 2.58107e+06, 5.5863e+06]], "gen5-norm-front": [[0.677778, 0.00148902, 0.0218097, 0], [0.722222, 0, 0.0202921, 0.000649519], [0.7, 1.95028e-05, 0.0202505, 0.000633972], [1, 0.0330428, 0, 0.05148], [0, 1, 1, 1], [0.7, 1.95028e-05, 0.0202505, 0.000633972], [0, 1, 1, 1]], "gen5-raw-d-score": [1.45341e+06, 1.45234e+06, 1.45227e+06, 1.62892e+06, 7.79163e+06, 1.45227e+06, 6.77924e+06], "gen5-norm-d-score": [0.67813, 0.722508, 0.700293, 1.00187, 1.73205, 0.700293, 1.73205], "gen5-sparsity": 4.46201e+12, "gen5-raw-winner": [1350, 642668, 887134, 955186], "gen5-norm-winner": [0.677778, 0.00148902, 0.0218097, 0], "gen5-winner-raw-d-score": 1.45341e+06, "gen5-winner-norm-d-score": 0.67813, "gen5-time": 7063}, {"source": 26936, "target": 192481, "gen0-front": [[840, 703274, 691545, 1.33173e+06], [999, 448126, 589699, 688738], [1014, 539788, 541676, 1.00062e+06], [999, 448126, 589699, 688738]], "gen0-norm-front": [[0, 1, 1, 1], [0.913793, 0, 0.320433, 0], [1, 0.35925, 0, 0.485038], [0.913793, 0, 0.320433, 0]], "gen0-raw-d-score": [1.65721e+06, 1.0114e+06, 1.25937e+06, 1.0114e+06], "gen0-norm-d-score": [1.73205, 0.968347, 1.16804, 0.968347], "gen0-sparsity": 8.49049e+10, "gen0-raw-winner": [999, 448126, 589699, 688738], "gen0-norm-winner": [0.913793, 0, 0.320433, 0], "gen0-winner-naw-d-score": 1.0114e+06, "gen0-winner-norm-d-score": 0.968347, "gen0-time": 3641, "gen1-front": [[999, 448126, 589699, 688738], [1014, 539788, 541676, 1.00062e+06], [840, 703274, 691545, 1.33173e+06], [999, 448126, 589699, 688738], [969, 452428, 568344, 722573], [840, 703274, 691545, 1.33173e+06]], "gen1-norm-front": [[0.913793, 0, 0.320433, 0], [1, 0.35925, 0, 0.485038], [0, 1, 1, 1], [0.913793, 0, 0.320433, 0], [0.741379, 0.0168608, 0.177942, 0.0526209], [0, 1, 1, 1]], "gen1-raw-d-score": [1.0114e+06, 1.25937e+06, 1.65721e+06, 1.0114e+06, 1.02461e+06, 1.65721e+06], "gen1-norm-d-score": [0.968347, 1.16804, 1.73205, 0.968347, 0.764434, 1.73205], "gen1-sparsity": 4.68018e+10, "gen1-raw-winner": [999, 448126, 589699, 688738], "gen1-norm-winner": [0.913793, 0, 0.320433, 0], "gen1-winner-raw-d-score": 1.0114e+06, "gen1-winner-norm-d-score": 0.968347, "gen1-time": 3025, "gen2-front": [[999, 448126, 589699, 688738], [969, 452428, 568344, 722573], [1014, 539788, 541676, 1.00062e+06], [840, 703274, 691545, 1.33173e+06], [999, 448126, 589699, 688738], [969, 452428, 568344, 722573], [840, 703274, 691545, 1.33173e+06]], "gen2-norm-front": [[0.913793, 0, 0.320433, 0], [0.741379, 0.0168608, 0.177942, 0.0526209], [1, 0.35925, 0, 0.485038], [0, 1, 1, 1], [0.913793, 0, 0.320433, 0], [0.741379, 0.0168608, 0.177942, 0.0526209], [0, 1, 1, 1]], "gen2-raw-d-score": [1.24524e+06, 1.27852e+06, 1.59964e+06, 1.81519e+06, 1.24524e+06, 1.4222e+06, 1.65721e+06], "gen2-norm-d-score": [1.23259, 1.30898, 1.83421, 1.98436, 1.23259, 1.60759, 1.73205], "gen2-sparsity": 3.90015e+10, "gen2-raw-winner": [999, 448126, 589699, 688738], "gen2-norm-winner": [0.913793, 0, 0.320433, 0], "gen2-winner-raw-d-score": 1.24524e+06, "gen2-winner-norm-d-score": 1.23259, "gen2-time": 4623, "gen3-front": [[999, 448126, 589699, 688738], [969, 452428, 568344, 722573], [1014, 539788, 541676, 1.00062e+06], [840, 703274, 691545, 1.33173e+06], [999, 448126, 589699, 688738], [969, 452428, 568344, 722573], [840, 703274, 691545, 1.33173e+06]], "gen3-norm-front": [[0.913793, 0, 0.320433, 0], [0.741379, 0.0168608, 0.177942, 0.0526209], [1, 0.35925, 0, 0.485038], [0, 1, 1, 1], [0.913793, 0, 0.320433, 0], [0.741379, 0.0168608, 0.177942, 0.0526209], [0, 1, 1, 1]], "gen3-raw-d-score": [1.24524e+06, 1.27852e+06, 1.59964e+06, 1.81519e+06, 1.24524e+06, 1.4222e+06, 1.65721e+06], "gen3-norm-d-score": [1.23259, 1.30898, 1.83421, 1.98436, 1.23259, 1.60759, 1.73205], "gen3-sparsity": 3.90015e+10, "gen3-raw-winner": [999, 448126, 589699, 688738], "gen3-norm-winner": [0.913793, 0, 0.320433, 0], "gen3-winner-raw-d-score": 1.24524e+06, "gen3-winner-norm-d-score": 1.23259, "gen3-time": 5272, "gen4-front": [[999, 448126, 589699, 688738], [969, 452428, 568344, 722573], [1014, 539788, 541676, 1.00062e+06], [840, 703274, 691545, 1.33173e+06], [999, 448126, 589699, 688738], [969, 452428, 568344, 722573], [840, 703274, 691545, 1.33173e+06]], "gen4-norm-front": [[0.913793, 0, 0.320433, 0], [0.741379, 0.0168608, 0.177942, 0.0526209], [1, 0.35925, 0, 0.485038], [0, 1, 1, 1], [0.913793, 0, 0.320433, 0], [0.741379, 0.0168608, 0.177942, 0.0526209], [0, 1, 1, 1]], "gen4-raw-d-score": [1.24524e+06, 1.27852e+06, 1.59964e+06, 1.81519e+06, 1.24524e+06, 1.4222e+06, 1.65721e+06], "gen4-norm-d-score": [1.23259, 1.30898, 1.83421, 1.98436, 1.23259, 1.60759, 1.73205], "gen4-sparsity": 3.90015e+10, "gen4-raw-winner": [999, 448126, 589699, 688738], "gen4-norm-winner": [0.913793, 0, 0.320433, 0], "gen4-winner-raw-d-score": 1.24524e+06, "gen4-winner-norm-d-score": 1.23259, "gen4-time": 5161, "gen5-front": [[999, 448126, 589699, 688738], [969, 452428, 568344, 722573], [1014, 539788, 541676, 1.00062e+06], [840, 703274, 691545, 1.33173e+06], [999, 448126, 589699, 688738], [969, 452428, 568344, 722573], [840, 703274, 691545, 1.33173e+06]], "gen5-norm-front": [[0.913793, 0, 0.320433, 0], [0.741379, 0.0168608, 0.177942, 0.0526209], [1, 0.35925, 0, 0.485038], [0, 1, 1, 1], [0.913793, 0, 0.320433, 0], [0.741379, 0.0168608, 0.177942, 0.0526209], [0, 1, 1, 1]], "gen5-raw-d-score": [1.24524e+06, 1.27852e+06, 1.59964e+06, 1.81519e+06, 1.24524e+06, 1.4222e+06, 1.65721e+06], "gen5-norm-d-score": [1.23259, 1.30898, 1.83421, 1.98436, 1.23259, 1.60759, 1.73205], "gen5-sparsity": 3.90015e+10, "gen5-raw-winner": [999, 448126, 589699, 688738], "gen5-norm-winner": [0.913793, 0, 0.320433, 0], "gen5-winner-raw-d-score": 1.24524e+06, "gen5-winner-norm-d-score": 1.23259, "gen5-time": 5380}, {"source": 222062, "target": 292478, "gen0-front": [[1003, 4.85629e+06, 4.33874e+06, 9.43368e+06], [2094, 1.35974e+06, 1.70976e+06, 2.19145e+06], [2595, 1.63889e+06, 1.65735e+06, 3.01195e+06], [2376, 1.37381e+06, 1.81044e+06, 2.12805e+06]], "gen0-norm-front": [[0, 1, 1, 1], [0.685302, 0, 0.0195473, 0.00867851], [1, 0.0798361, 0, 0.12099], [0.862437, 0.00402311, 0.0570958, 0]], "gen0-raw-d-score": [1.14631e+07, 3.09429e+06, 3.8085e+06, 3.11346e+06], "gen0-norm-d-score": [1.73205, 0.685635, 1.01045, 0.864334], "gen0-sparsity": 1.9581e+13, "gen0-raw-winner": [2094, 1.35974e+06, 1.70976e+06, 2.19145e+06], "gen0-norm-winner": [0.685302, 0, 0.0195473, 0.00867851], "gen0-winner-naw-d-score": 3.09429e+06, "gen0-winner-norm-d-score": 0.685635, "gen0-time": 6752, "gen1-front": [[2094, 1.35974e+06, 1.70976e+06, 2.19145e+06], [2376, 1.37381e+06, 1.81044e+06, 2.12805e+06], [2595, 1.63889e+06, 1.65735e+06, 3.01195e+06], [1003, 4.85629e+06, 4.33874e+06, 9.43368e+06], [2094, 1.35974e+06, 1.70976e+06, 2.19145e+06], [1003, 4.85629e+06, 4.33874e+06, 9.43368e+06]], "gen1-norm-front": [[0.685302, 0, 0.0195473, 0.00867851], [0.862437, 0.00402311, 0.0570958, 0], [1, 0.0798361, 0, 0.12099], [0, 1, 1, 1], [0.685302, 0, 0.0195473, 0.00867851], [0, 1, 1, 1]], "gen1-raw-d-score": [3.38556e+06, 3.51847e+06, 6.17157e+06, 1.15435e+07, 5.75832e+06, 1.14631e+07], "gen1-norm-d-score": [1.10178, 1.32418, 1.42162, 1.8627, 1.21247, 1.73205], "gen1-sparsity": 1.17486e+13, "gen1-raw-winner": [2094, 1.35974e+06, 1.70976e+06, 2.19145e+06], "gen1-norm-winner": [0.685302, 0, 0.0195473, 0.00867851], "gen1-winner-raw-d-score": 3.38556e+06, "gen1-winner-norm-d-score": 1.10178, "gen1-time": 5676, "gen2-front": [[2094, 1.35974e+06, 1.70976e+06, 2.19145e+06], [2376, 1.37381e+06, 1.81044e+06, 2.12805e+06], [2595, 1.63889e+06, 1.65735e+06, 3.01195e+06], [1003, 4.85629e+06, 4.33874e+06, 9.43368e+06], [2094, 1.35974e+06, 1.70976e+06, 2.19145e+06], [1003, 4.85629e+06, 4.33874e+06, 9.43368e+06]], "gen2-norm-front": [[0.685302, 0, 0.0195473, 0.00867851], [0.862437, 0.00402311, 0.0570958, 0], [1, 0.0798361, 0, 0.12099], [0, 1, 1, 1], [0.685302, 0, 0.0195473, 0.00867851], [0, 1, 1, 1]], "gen2-raw-d-score": [3.38556e+06, 3.51847e+06, 6.17157e+06, 1.15435e+07, 5.75832e+06, 1.14631e+07], "gen2-norm-d-score": [1.10178, 1.32418, 1.42162, 1.8627, 1.21247, 1.73205], "gen2-sparsity": 1.17486e+13, "gen2-raw-winner": [2094, 1.35974e+06, 1.70976e+06, 2.19145e+06], "gen2-norm-winner": [0.685302, 0, 0.0195473, 0.00867851], "gen2-winner-raw-d-score": 3.38556e+06, "gen2-winner-norm-d-score": 1.10178, "gen2-time": 8544, "gen3-front": [[2094, 1.35974e+06, 1.70976e+06, 2.19145e+06], [2376, 1.37381e+06, 1.81044e+06, 2.12805e+06], [2595, 1.63889e+06, 1.65735e+06, 3.01195e+06], [1003, 4.85629e+06, 4.33874e+06, 9.43368e+06], [2094, 1.35974e+06, 1.70976e+06, 2.19145e+06], [1003, 4.85629e+06, 4.33874e+06, 9.43368e+06]], "gen3-norm-front": [[0.685302, 0, 0.0195473, 0.00867851], [0.862437, 0.00402311, 0.0570958, 0], [1, 0.0798361, 0, 0.12099], [0, 1, 1, 1], [0.685302, 0, 0.0195473, 0.00867851], [0, 1, 1, 1]], "gen3-raw-d-score": [3.38556e+06, 3.51847e+06, 6.17157e+06, 1.15435e+07, 5.75832e+06, 1.14631e+07], "gen3-norm-d-score": [1.10178, 1.32418, 1.42162, 1.8627, 1.21247, 1.73205], "gen3-sparsity": 1.17486e+13, "gen3-raw-winner": [2094, 1.35974e+06, 1.70976e+06, 2.19145e+06], "gen3-norm-winner": [0.685302, 0, 0.0195473, 0.00867851], "gen3-winner-raw-d-score": 3.38556e+06, "gen3-winner-norm-d-score": 1.10178, "gen3-time": 8669, "gen4-front": [[2094, 1.35974e+06, 1.70976e+06, 2.19145e+06], [2376, 1.37381e+06, 1.81044e+06, 2.12805e+06], [2595, 1.63889e+06, 1.65735e+06, 3.01195e+06], [1003, 4.85629e+06, 4.33874e+06, 9.43368e+06], [2094, 1.35974e+06, 1.70976e+06, 2.19145e+06], [1003, 4.85629e+06, 4.33874e+06, 9.43368e+06]], "gen4-norm-front": [[0.685302, 0, 0.0195473, 0.00867851], [0.862437, 0.00402311, 0.0570958, 0], [1, 0.0798361, 0, 0.12099], [0, 1, 1, 1], [0.685302, 0, 0.0195473, 0.00867851], [0, 1, 1, 1]], "gen4-raw-d-score": [3.38556e+06, 3.51847e+06, 6.17157e+06, 1.15435e+07, 5.75832e+06, 1.14631e+07], "gen4-norm-d-score": [1.10178, 1.32418, 1.42162, 1.8627, 1.21247, 1.73205], "gen4-sparsity": 1.17486e+13, "gen4-raw-winner": [2094, 1.35974e+06, 1.70976e+06, 2.19145e+06], "gen4-norm-winner": [0.685302, 0, 0.0195473, 0.00867851], "gen4-winner-raw-d-score": 3.38556e+06, "gen4-winner-norm-d-score": 1.10178, "gen4-time": 8545, "gen5-front": [[2094, 1.35974e+06, 1.70976e+06, 2.19145e+06], [2376, 1.37381e+06, 1.81044e+06, 2.12805e+06], [2595, 1.63889e+06, 1.65735e+06, 3.01195e+06], [1003, 4.85629e+06, 4.33874e+06, 9.43368e+06], [2094, 1.35974e+06, 1.70976e+06, 2.19145e+06], [1003, 4.85629e+06, 4.33874e+06, 9.43368e+06]], "gen5-norm-front": [[0.685302, 0, 0.0195473, 0.00867851], [0.862437, 0.00402311, 0.0570958, 0], [1, 0.0798361, 0, 0.12099], [0, 1, 1, 1], [0.685302, 0, 0.0195473, 0.00867851], [0, 1, 1, 1]], "gen5-raw-d-score": [3.38556e+06, 3.51847e+06, 6.17157e+06, 1.15435e+07, 5.75832e+06, 1.14631e+07], "gen5-norm-d-score": [1.10178, 1.32418, 1.42162, 1.8627, 1.21247, 1.73205], "gen5-sparsity": 1.17486e+13, "gen5-raw-winner": [2094, 1.35974e+06, 1.70976e+06, 2.19145e+06], "gen5-norm-winner": [0.685302, 0, 0.0195473, 0.00867851], "gen5-winner-raw-d-score": 3.38556e+06, "gen5-winner-norm-d-score": 1.10178, "gen5-time": 8648}, {"source": 228035, "target": 64799, "gen0-front": [[873, 774693, 815472, 1.40569e+06], [1011, 572795, 778401, 833194], [1086, 679826, 728483, 1.20369e+06], [1077, 575256, 788969, 826929]], "gen0-norm-front": [[0, 1, 1, 1], [0.647887, 0, 0.573843, 0.0108248], [1, 0.530124, 0, 0.650971], [0.957746, 0.0121893, 0.695329, 0]], "gen0-raw-d-score": [1.80031e+06, 1.27602e+06, 1.5626e+06, 1.27953e+06], "gen0-norm-d-score": [1.73205, 0.865546, 1.30568, 1.1836], "gen0-sparsity": 6.71194e+10, "gen0-raw-winner": [1011, 572795, 778401, 833194], "gen0-norm-winner": [0.647887, 0, 0.573843, 0.0108248], "gen0-winner-naw-d-score": 1.27602e+06, "gen0-winner-norm-d-score": 0.865546, "gen0-time": 3402, "gen1-front": [[1011, 572795, 778401, 833194], [1077, 575256, 788969, 826929], [1086, 679826, 728483, 1.20369e+06], [873, 774693, 815472, 1.40569e+06], [1011, 573146, 778150, 832567], [1077, 575256, 788969, 826929], [984, 576332, 765995, 859734], [873, 774693, 815472, 1.40569e+06]], "gen1-norm-front": [[0.647887, 0, 0.573843, 0.0108248], [0.957746, 0.0121893, 0.695329, 0], [1, 0.530124, 0, 0.650971], [0, 1, 1, 1], [0.647887, 0.0017385, 0.570957, 0.00974143], [0.957746, 0.0121893, 0.695329, 0], [0.521127, 0.0175187, 0.431227, 0.056681], [0, 1, 1, 1]], "gen1-raw-d-score": [1.80705e+06, 2.01963e+06, 2.38387e+06, 2.20642e+06, 1.80676e+06, 1.81528e+06, 2.21341e+06, 1.80031e+06], "gen1-norm-d-score": [1.46632, 1.7623, 2.16905, 1.93542, 1.46518, 1.36454, 1.86039, 1.73205], "gen1-sparsity": 2.59904e+10, "gen1-raw-winner": [1077, 575256, 788969, 826929], "gen1-norm-winner": [0.957746, 0.0121893, 0.695329, 0], "gen1-winner-raw-d-score": 1.81528e+06, "gen1-winner-norm-d-score": 1.36454, "gen1-time": 2766, "gen2-front": [[1077, 575256, 788969, 826929], [1011, 572795, 778401, 833194], [1077, 575256, 788969, 826929], [1011, 573146, 778150, 832567], [984, 576332, 765995, 859734], [1086, 679826, 728483, 1.20369e+06], [873, 774693, 815472, 1.40569e+06], [1077, 575256, 788969, 826929], [1011, 573146, 778150, 832567], [1077, 575256, 788969, 826929], [1011, 573146, 778150, 832567], [984, 576332, 765995, 859734], [873, 774693, 815472, 1.40569e+06]], "gen2-norm-front": [[0.957746, 0.0121893, 0.695329, 0], [0.647887, 0, 0.573843, 0.0108248], [0.957746, 0.0121893, 0.695329, 0], [0.647887, 0.0017385, 0.570957, 0.00974143], [0.521127, 0.0175187, 0.431227, 0.056681], [1, 0.530124, 0, 0.650971], [0, 1, 1, 1], [0.957746, 0.0121893, 0.695329, 0], [0.647887, 0.0017385, 0.570957, 0.00974143], [0.957746, 0.0121893, 0.695329, 0], [0.647887, 0.0017385, 0.570957, 0.00974143], [0.521127, 0.0175187, 0.431227, 0.056681], [0, 1, 1, 1]], "gen2-raw-d-score": [2.21419e+06, 2.21192e+06, 2.21866e+06, 2.3931e+06, 2.70941e+06, 2.70556e+06, 2.55059e+06, 2.21395e+06, 2.21169e+06, 2.21866e+06, 2.55467e+06, 2.21341e+06, 1.80031e+06], "gen2-norm-d-score": [1.99267, 1.77975, 1.89942, 1.70637, 2.4664, 2.5545, 2.46253, 1.99184, 1.77881, 1.61487, 2.05107, 1.86039, 1.73205], "gen2-sparsity": 1.51611e+10, "gen2-raw-winner": [1077, 575256, 788969, 826929], "gen2-norm-winner": [0.957746, 0.0121893, 0.695329, 0], "gen2-winner-raw-d-score": 2.21866e+06, "gen2-winner-norm-d-score": 1.61487, "gen2-time": 5620, "gen3-front": [[1077, 575256, 788969, 826929], [1011, 572795, 778401, 833194], [1077, 575256, 788969, 826929], [1011, 573146, 778150, 832567], [984, 576332, 765995, 859734], [1011, 573146, 778150, 832567], [984, 576332, 765995, 859734], [1086, 679826, 728483, 1.20369e+06], [873, 774693, 815472, 1.40569e+06], [1077, 575256, 788969, 826929], [1011, 573146, 778150, 832567], [1077, 575256, 788969, 826929], [1011, 573146, 778150, 832567], [984, 576332, 765995, 859734], [873, 774693, 815472, 1.40569e+06]], "gen3-norm-front": [[0.957746, 0.0121893, 0.695329, 0], [0.647887, 0, 0.573843, 0.0108248], [0.957746, 0.0121893, 0.695329, 0], [0.647887, 0.0017385, 0.570957, 0.00974143], [0.521127, 0.0175187, 0.431227, 0.056681], [0.647887, 0.0017385, 0.570957, 0.00974143], [0.521127, 0.0175187, 0.431227, 0.056681], [1, 0.530124, 0, 0.650971], [0, 1, 1, 1], [0.957746, 0.0121893, 0.695329, 0], [0.647887, 0.0017385, 0.570957, 0.00974143], [0.957746, 0.0121893, 0.695329, 0], [0.647887, 0.0017385, 0.570957, 0.00974143], [0.521127, 0.0175187, 0.431227, 0.056681], [0, 1, 1, 1]], "gen3-raw-d-score": [2.41591e+06, 2.41071e+06, 2.42001e+06, 2.41481e+06, 2.43642e+06, 2.64426e+06, 2.87998e+06, 2.87299e+06, 2.7311e+06, 2.4157e+06, 2.41049e+06, 2.48749e+06, 2.55467e+06, 2.21341e+06, 1.80031e+06], "gen3-norm-d-score": [2.07286, 1.83133, 1.83127, 1.5526, 1.71726, 2.21623, 2.56257, 2.61753, 2.55884, 2.07206, 1.83042, 2.14658, 2.05107, 1.86039, 1.73205], "gen3-sparsity": 1.29952e+10, "gen3-raw-winner": [1077, 575256, 788969, 826929], "gen3-norm-winner": [0.957746, 0.0121893, 0.695329, 0], "gen3-winner-raw-d-score": 2.42001e+06, "gen3-winner-norm-d-score": 1.83127, "gen3-time": 9190, "gen4-front": [[1077, 575256, 788969, 826929], [1011, 572795, 778401, 833194], [1077, 575256, 788969, 826929], [1011, 573146, 778150, 832567], [984, 576332, 765995, 859734], [1011, 573146, 778150, 832567], [984, 576332, 765995, 859734], [1011, 573146, 778150, 832567], [984, 576332, 765995, 859734], [1086, 679826, 728483, 1.20369e+06], [873, 774693, 815472, 1.40569e+06], [1077, 575256, 788969, 826929], [1011, 573146, 778150, 832567], [1077, 575256, 788969, 826929], [1011, 573146, 778150, 832567], [984, 576332, 765995, 859734], [873, 774693, 815472, 1.40569e+06]], "gen4-norm-front": [[0.957746, 0.0121893, 0.695329, 0], [0.647887, 0, 0.573843, 0.0108248], [0.957746, 0.0121893, 0.695329, 0], [0.647887, 0.0017385, 0.570957, 0.00974143], [0.521127, 0.0175187, 0.431227, 0.056681], [0.647887, 0.0017385, 0.570957, 0.00974143], [0.521127, 0.0175187, 0.431227, 0.056681], [0.647887, 0.0017385, 0.570957, 0.00974143], [0.521127, 0.0175187, 0.431227, 0.056681], [1, 0.530124, 0, 0.650971], [0, 1, 1, 1], [0.957746, 0.0121893, 0.695329, 0], [0.647887, 0.0017385, 0.570957, 0.00974143], [0.957746, 0.0121893, 0.695329, 0], [0.647887, 0.0017385, 0.570957, 0.00974143], [0.521127, 0.0175187, 0.431227, 0.056681], [0, 1, 1, 1]], "gen4-raw-d-score": [2.55535e+06, 2.55942e+06, 2.55922e+06, 2.56329e+06, 2.56329e+06, 2.56329e+06, 2.71754e+06, 2.99467e+06, 2.99635e+06, 2.99119e+06, 2.85354e+06, 2.55515e+06, 2.55922e+06, 2.85719e+06, 2.55467e+06, 2.21341e+06, 1.80031e+06], "gen4-norm-d-score": [2.13738, 1.94338, 1.904, 1.68332, 1.63871, 1.84765, 1.8365, 2.61323, 2.6432, 2.78726, 2.63959, 2.13661, 1.8313, 2.36808, 2.05107, 1.86039, 1.73205], "gen4-sparsity": 1.13708e+10, "gen4-raw-winner": [1077, 575256, 788969, 826929], "gen4-norm-winner": [0.957746, 0.0121893, 0.695329, 0], "gen4-winner-raw-d-score": 2.55922e+06, "gen4-winner-norm-d-score": 1.904, "gen4-time": 10410, "gen5-front": [[1077, 575256, 788969, 826929], [1011, 572795, 778401, 833194], [1077, 575256, 788969, 826929], [984, 576332, 765995, 859734], [1011, 573146, 778150, 832567], [984, 576332, 765995, 859734], [1011, 573146, 778150, 832567], [984, 576332, 765995, 859734], [1011, 573146, 778150, 832567], [984, 576332, 765995, 859734], [1086, 679826, 728483, 1.20369e+06], [873, 774693, 815472, 1.40569e+06], [1077, 575256, 788969, 826929], [1011, 573146, 778150, 832567], [1077, 575256, 788969, 826929], [1011, 573146, 778150, 832567], [984, 576332, 765995, 859734], [873, 774693, 815472, 1.40569e+06]], "gen5-norm-front": [[0.957746, 0.0121893, 0.695329, 0], [0.647887, 0, 0.573843, 0.0108248], [0.957746, 0.0121893, 0.695329, 0], [0.521127, 0.0175187, 0.431227, 0.056681], [0.647887, 0.0017385, 0.570957, 0.00974143], [0.521127, 0.0175187, 0.431227, 0.056681], [0.647887, 0.0017385, 0.570957, 0.00974143], [0.521127, 0.0175187, 0.431227, 0.056681], [0.647887, 0.0017385, 0.570957, 0.00974143], [0.521127, 0.0175187, 0.431227, 0.056681], [1, 0.530124, 0, 0.650971], [0, 1, 1, 1], [0.957746, 0.0121893, 0.695329, 0], [0.647887, 0.0017385, 0.570957, 0.00974143], [0.957746, 0.0121893, 0.695329, 0], [0.647887, 0.0017385, 0.570957, 0.00974143], [0.521127, 0.0175187, 0.431227, 0.056681], [0, 1, 1, 1]], "gen5-raw-d-score": [2.62472e+06, 2.62351e+06, 2.62849e+06, 2.62728e+06, 2.62659e+06, 2.62728e+06, 2.65191e+06, 2.8258e+06, 3.04942e+06, 3.05067e+06, 3.046e+06, 2.91053e+06, 2.61934e+06, 2.67391e+06, 2.85719e+06, 2.55467e+06, 2.21341e+06, 1.80031e+06], "gen5-norm-d-score": [2.10518, 1.90496, 1.86778, 1.6388, 1.68332, 1.6388, 1.92219, 2.09111, 2.61326, 2.6432, 2.78729, 2.63959, 2.13668, 2.08654, 2.36808, 2.05107, 1.86039, 1.73205], "gen5-sparsity": 1.07019e+10, "gen5-raw-winner": [1077, 575256, 788969, 826929], "gen5-norm-winner": [0.957746, 0.0121893, 0.695329, 0], "gen5-winner-raw-d-score": 2.62849e+06, "gen5-winner-norm-d-score": 1.86778, "gen5-time": 11860}, {"source": 296618, "target": 171587, "gen0-front": [[639, 2.7551e+06, 2.58698e+06, 5.36722e+06], [1527, 1.34035e+06, 1.55546e+06, 2.31367e+06], [1509, 1.4119e+06, 1.51149e+06, 2.58972e+06], [2364, 1.37207e+06, 1.91334e+06, 2.00627e+06]], "gen0-norm-front": [[0, 1, 1, 1], [0.514783, 0, 0.0408826, 0.0914616], [0.504348, 0.0505724, 0, 0.173596], [1, 0.0224231, 0.373644, 0]], "gen0-raw-d-score": [6.56431e+06, 3.09339e+06, 3.31432e+06, 3.09332e+06], "gen0-norm-d-score": [1.73205, 0.52444, 0.53578, 1.06776], "gen0-sparsity": 3.42527e+12, "gen0-raw-winner": [1527, 1.34035e+06, 1.55546e+06, 2.31367e+06], "gen0-norm-winner": [0.514783, 0, 0.0408826, 0.0914616], "gen0-winner-naw-d-score": 3.09339e+06, "gen0-winner-norm-d-score": 0.52444, "gen0-time": 7047, "gen1-front": [[1527, 1.34035e+06, 1.55546e+06, 2.31367e+06], [1509, 1.4119e+06, 1.51149e+06, 2.58972e+06], [2364, 1.37207e+06, 1.91334e+06, 2.00627e+06], [639, 2.7551e+06, 2.58698e+06, 5.36722e+06], [1488, 1.34139e+06, 1.5498e+06, 2.31166e+06], [2313, 1.36899e+06, 1.90994e+06, 2.00694e+06], [639, 2.7551e+06, 2.58698e+06, 5.36722e+06]], "gen1-norm-front": [[0.514783, 0, 0.0408826, 0.0914616], [0.504348, 0.0505724, 0, 0.173596], [1, 0.0224231, 0.373644, 0], [0, 1, 1, 1], [0.492174, 0.000734408, 0.0356162, 0.0908627], [0.970435, 0.0202446, 0.370482, 0.000199051], [0, 1, 1, 1]], "gen1-raw-d-score": [3.72117e+06, 4.06549e+06, 4.88382e+06, 6.87687e+06, 3.88162e+06, 4.88189e+06, 6.56431e+06], "gen1-norm-d-score": [0.729357, 1.19464, 1.77204, 1.80097, 1.15376, 1.75483, 1.73205], "gen1-sparsity": 1.71185e+12, "gen1-raw-winner": [1527, 1.34035e+06, 1.55546e+06, 2.31367e+06], "gen1-norm-winner": [0.514783, 0, 0.0408826, 0.0914616], "gen1-winner-raw-d-score": 3.72117e+06, "gen1-winner-norm-d-score": 0.729357, "gen1-time": 5860, "gen2-front": [[1527, 1.34035e+06, 1.55546e+06, 2.31367e+06], [1509, 1.4119e+06, 1.51149e+06, 2.58972e+06], [1488, 1.34139e+06, 1.5498e+06, 2.31166e+06], [2313, 1.36899e+06, 1.90994e+06, 2.00694e+06], [2364, 1.37207e+06, 1.91334e+06, 2.00627e+06], [639, 2.7551e+06, 2.58698e+06, 5.36722e+06], [1488, 1.34139e+06, 1.5498e+06, 2.31166e+06], [2313, 1.36899e+06, 1.90994e+06, 2.00694e+06], [639, 2.7551e+06, 2.58698e+06, 5.36722e+06]], "gen2-norm-front": [[0.514783, 0, 0.0408826, 0.0914616], [0.504348, 0.0505724, 0, 0.173596], [0.492174, 0.000734408, 0.0356162, 0.0908627], [0.970435, 0.0202446, 0.370482, 0.000199051], [1, 0.0224231, 0.373644, 0], [0, 1, 1, 1], [0.492174, 0.000734408, 0.0356162, 0.0908627], [0.970435, 0.0202446, 0.370482, 0.000199051], [0, 1, 1, 1]], "gen2-raw-d-score": [4.53363e+06, 4.53097e+06, 4.36976e+06, 4.37246e+06, 7.25663e+06, 7.25501e+06, 4.36976e+06, 7.25534e+06, 6.56431e+06], "gen2-norm-d-score": [0.896846, 1.21678, 1.52682, 1.48981, 2.09341, 2.0478, 1.15376, 2.01976, 1.73205], "gen2-sparsity": 1.28389e+12, "gen2-raw-winner": [1527, 1.34035e+06, 1.55546e+06, 2.31367e+06], "gen2-norm-winner": [0.514783, 0, 0.0408826, 0.0914616], "gen2-winner-raw-d-score": 4.53363e+06, "gen2-winner-norm-d-score": 0.896846, "gen2-time": 10167, "gen3-front": [[1527, 1.34035e+06, 1.55546e+06, 2.31367e+06], [1509, 1.4119e+06, 1.51149e+06, 2.58972e+06], [1488, 1.34139e+06, 1.5498e+06, 2.31166e+06], [2313, 1.36899e+06, 1.90994e+06, 2.00694e+06], [1488, 1.34139e+06, 1.5498e+06, 2.31166e+06], [2313, 1.36899e+06, 1.90994e+06, 2.00694e+06], [2364, 1.37207e+06, 1.91334e+06, 2.00627e+06], [639, 2.7551e+06, 2.58698e+06, 5.36722e+06], [1488, 1.34139e+06, 1.5498e+06, 2.31166e+06], [2313, 1.36899e+06, 1.90994e+06, 2.00694e+06], [1488, 1.34139e+06, 1.5498e+06, 2.31166e+06], [2313, 1.36899e+06, 1.90994e+06, 2.00694e+06], [639, 2.7551e+06, 2.58698e+06, 5.36722e+06]], "gen3-norm-front": [[0.514783, 0, 0.0408826, 0.0914616], [0.504348, 0.0505724, 0, 0.173596], [0.492174, 0.000734408, 0.0356162, 0.0908627], [0.970435, 0.0202446, 0.370482, 0.000199051], [0.492174, 0.000734408, 0.0356162, 0.0908627], [0.970435, 0.0202446, 0.370482, 0.000199051], [1, 0.0224231, 0.373644, 0], [0, 1, 1, 1], [0.492174, 0.000734408, 0.0356162, 0.0908627], [0.970435, 0.0202446, 0.370482, 0.000199051], [0.492174, 0.000734408, 0.0356162, 0.0908627], [0.970435, 0.0202446, 0.370482, 0.000199051], [0, 1, 1, 1]], "gen3-raw-d-score": [5.48623e+06, 5.48448e+06, 5.35161e+06, 5.35207e+06, 5.35382e+06, 7.88724e+06, 7.88693e+06, 7.88574e+06, 5.35161e+06, 5.35207e+06, 7.88574e+06, 7.25534e+06, 6.56431e+06], "gen3-norm-d-score": [1.32499, 1.36399, 1.58892, 1.84678, 1.57203, 2.33704, 2.30946, 2.13855, 1.58892, 1.5526, 2.08115, 2.01976, 1.73205], "gen3-sparsity": 8.55924e+11, "gen3-raw-winner": [1527, 1.34035e+06, 1.55546e+06, 2.31367e+06], "gen3-norm-winner": [0.514783, 0, 0.0408826, 0.0914616], "gen3-winner-raw-d-score": 5.48623e+06, "gen3-winner-norm