{"data": [{"source": 192501, "target": 10962, "gen0-front": [[2.91626e+06, 462, 4.70379e+06, 3.65744e+06], [1.21569e+07, 149, 2.42228e+07, 1.0628e+07], [2.92328e+06, 461, 4.70082e+06, 3.67295e+06], [3.18197e+06, 459, 5.88663e+06, 3.19941e+06], [2.91626e+06, 462, 4.70379e+06, 3.65744e+06], [2.93938e+06, 408, 5.1701e+06, 3.24219e+06], [2.91626e+06, 462, 4.70379e+06, 3.65744e+06], [2.94173e+06, 408, 5.16577e+06, 3.24046e+06], [2.91667e+06, 463, 4.70334e+06, 3.65819e+06], [2.91626e+06, 462, 4.70379e+06, 3.65744e+06], [2.94173e+06, 408, 5.16577e+06, 3.24046e+06], [2.94085e+06, 408, 5.16475e+06, 3.24137e+06], [2.94162e+06, 408, 5.16438e+06, 3.24123e+06], [2.94096e+06, 408, 5.16614e+06, 3.24061e+06], [2.93938e+06, 408, 5.1701e+06, 3.24219e+06], [2.91667e+06, 463, 4.70334e+06, 3.65819e+06]], "gen0-norm-front": [[0, 0.996815, 0.00015229, 0.0616572], [1, 0, 1, 1], [0.000759818, 0.993631, 0, 0.0637461], [0.0287542, 0.987261, 0.0607422, 0], [0, 0.996815, 0.00015229, 0.0616572], [0.00250122, 0.824841, 0.0240388, 0.00575925], [0, 0.996815, 0.00015229, 0.0616572], [0.00275624, 0.824841, 0.0238168, 0.00552596], [4.42887e-05, 1, 0.00012929, 0.0617585], [0, 0.996815, 0.00015229, 0.0616572], [0.00275624, 0.824841, 0.0238168, 0.00552596], [0.00266026, 0.824841, 0.0237644, 0.005649], [0.00274409, 0.824841, 0.0237455, 0.00562921], [0.00267242, 0.824841, 0.0238357, 0.00554575], [0.00250122, 0.824841, 0.0240388, 0.00575925], [4.42887e-05, 1, 0.00012929, 0.0617585]], "gen0-raw-d-score": [6.63378e+06, 2.91117e+07, 6.64333e+06, 7.41711e+06, 6.63378e+06, 6.7736e+06, 6.63378e+06, 6.77049e+06, 6.63406e+06, 6.63378e+06, 6.77049e+06, 6.76976e+06, 6.76975e+06, 6.77051e+06, 6.7736e+06, 6.63406e+06], "gen0-norm-d-score": [2.44295, 2.44295, 1.91023, 1.91182, 1.83217, 1.8339, 1.91825, 1.8339, 1.8339, 1.74366, 1.65041, 1.65042, 1.74549, 1.5381, 1.298, 1.00191], "gen0-sparsity": 3.10731e+13, "gen0-raw-winner": [2.93938e+06, 408, 5.1701e+06, 3.24219e+06], "gen0-norm-winner": [0.00250122, 0.824841, 0.0240388, 0.00575925], "gen0-winner-naw-d-score": 6.7736e+06, "gen0-winner-norm-d-score": 1.298, "gen0-time": 34359, "gen1-front": [[2.93938e+06, 408, 5.1701e+06, 3.24219e+06], [2.94096e+06, 408, 5.16614e+06, 3.24061e+06], [2.94173e+06, 408, 5.16577e+06, 3.24046e+06], [2.94085e+06, 408, 5.16475e+06, 3.24137e+06], [2.91626e+06, 462, 4.70379e+06, 3.65744e+06], [2.94162e+06, 408, 5.16438e+06, 3.24123e+06], [2.91626e+06, 462, 4.70379e+06, 3.65744e+06], [2.94173e+06, 408, 5.16577e+06, 3.24046e+06], [2.93938e+06, 408, 5.1701e+06, 3.24219e+06], [2.92328e+06, 461, 4.70082e+06, 3.67295e+06], [3.18197e+06, 459, 5.88663e+06, 3.19941e+06], [2.91626e+06, 462, 4.70379e+06, 3.65744e+06], [2.91667e+06, 463, 4.70334e+06, 3.65819e+06], [1.21569e+07, 149, 2.42228e+07, 1.0628e+07], [2.91626e+06, 462, 4.70379e+06, 3.65744e+06], [1.21569e+07, 149, 2.42228e+07, 1.0628e+07], [2.94085e+06, 408, 5.16475e+06, 3.24137e+06], [2.91626e+06, 462, 4.70379e+06, 3.65744e+06]], "gen1-norm-front": [[0.00250122, 0.824841, 0.0240388, 0.00575925], [0.00267242, 0.824841, 0.0238357, 0.00554575], [0.00275624, 0.824841, 0.0238168, 0.00552596], [0.00266026, 0.824841, 0.0237644, 0.005649], [0, 0.996815, 0.00015229, 0.0616572], [0.00274409, 0.824841, 0.0237455, 0.00562921], [0, 0.996815, 0.00015229, 0.0616572], [0.00275624, 0.824841, 0.0238168, 0.00552596], [0.00250122, 0.824841, 0.0240388, 0.00575925], [0.000759818, 0.993631, 0, 0.0637461], [0.0287542, 0.987261, 0.0607422, 0], [0, 0.996815, 0.00015229, 0.0616572], [4.42887e-05, 1, 0.00012929, 0.0617585], [1, 0, 1, 1], [0, 0.996815, 0.00015229, 0.0616572], [1, 0, 1, 1], [0.00266026, 0.824841, 0.0237644, 0.005649], [0, 0.996815, 0.00015229, 0.0616572]], "gen1-raw-d-score": [6.63378e+06, 2.91117e+07, 6.64333e+06, 7.41711e+06, 6.63378e+06, 6.7736e+06, 6.63378e+06, 6.77049e+06, 6.63406e+06, 6.63378e+06, 6.77049e+06, 6.76976e+06, 6.76975e+06, 6.77051e+06, 6.7736e+06, 6.63406e+06], "gen1-norm-d-score": [1.92809, 1.92892, 2.00848, 2.00927, 2.00928, 2.0069, 2.07997, 2.07994, 2.15615, 2.22976, 2.64085, 2.64551, 2.94646, 2.94483, 2.3824, 2.16296, 1.29553, 0.99872], "gen1-sparsity": 2.74174e+13, "gen1-raw-winner": [2.91626e+06, 462, 4.70379e+06, 3.65744e+06], "gen1-norm-winner": [0, 0.996815, 0.00015229, 0.0616572], "gen1-winner-raw-d-score": 0, "gen1-winner-norm-d-score": 0.99872, "gen1-time": 33300, "gen2-front": [[2.91626e+06, 462, 4.70379e+06, 3.65744e+06], [2.94085e+06, 408, 5.16475e+06, 3.24137e+06], [2.93938e+06, 408, 5.1701e+06, 3.24219e+06], [2.94096e+06, 408, 5.16614e+06, 3.24061e+06], [2.94162e+06, 408, 5.16438e+06, 3.24123e+06], [2.94173e+06, 408, 5.16577e+06, 3.24046e+06], [2.94085e+06, 408, 5.16475e+06, 3.24137e+06], [2.91626e+06, 462, 4.70379e+06, 3.65744e+06], [2.94173e+06, 408, 5.16577e+06, 3.24046e+06], [2.91626e+06, 462, 4.70379e+06, 3.65744e+06], [2.93938e+06, 408, 5.1701e+06, 3.24219e+06], [2.92328e+06, 461, 4.70082e+06, 3.67295e+06], [2.91626e+06, 462, 4.70379e+06, 3.65744e+06], [3.18197e+06, 459, 5.88663e+06, 3.19941e+06], [2.91626e+06, 462, 4.70379e+06, 3.65744e+06], [2.91667e+06, 463, 4.70334e+06, 3.65819e+06], [1.21569e+07, 149, 2.42228e+07, 1.0628e+07], [2.91626e+06, 462, 4.70379e+06, 3.65744e+06], [1.21569e+07, 149, 2.42228e+07, 1.0628e+07], [2.94096e+06, 408, 5.16614e+06, 3.24061e+06]], "gen2-norm-front": [[0, 0.996815, 0.00015229, 0.0616572], [0.00266026, 0.824841, 0.0237644, 0.005649], [0.00250122, 0.824841, 0.0240388, 0.00575925], [0.00267242, 0.824841, 0.0238357, 0.00554575], [0.00274409, 0.824841, 0.0237455, 0.00562921], [0.00275624, 0.824841, 0.0238168, 0.00552596], [0.00266026, 0.824841, 0.0237644, 0.005649], [0, 0.996815, 0.00015229, 0.0616572], [0.00275624, 0.824841, 0.0238168, 0.00552596], [0, 0.996815, 0.00015229, 0.0616572], [0.00250122, 0.824841, 0.0240388, 0.00575925], [0.000759818, 0.993631, 0, 0.0637461], [0, 0.996815, 0.00015229, 0.0616572], [0.0287542, 0.987261, 0.0607422, 0], [0, 0.996815, 0.00015229, 0.0616572], [4.42887e-05, 1, 0.00012929, 0.0617585], [1, 0, 1, 1], [0, 0.996815, 0.00015229, 0.0616572], [1, 0, 1, 1], [0.00267242, 0.824841, 0.0238357, 0.00554575]], "gen2-raw-d-score": [6.63378e+06, 2.91117e+07, 6.64333e+06, 7.41711e+06, 6.63378e+06, 6.7736e+06, 6.63378e+06, 6.77049e+06, 6.63406e+06, 6.63378e+06, 6.77049e+06, 6.76976e+06, 6.76975e+06, 6.77051e+06, 6.7736e+06, 6.63406e+06], "gen2-norm-d-score": [1.92907, 1.84522, 1.84522, 1.92907, 1.92907, 2.00942, 2.00943, 2.08523, 2.08523, 2.15556, 2.15556, 2.22918, 2.64157, 2.64157, 2.99978, 2.94656, 2.77099, 2.16296, 1.91858, 0.825208], "gen2-sparsity": 2.45314e+13, "gen2-raw-winner": [2.94096e+06, 408, 5.16614e+06, 3.24061e+06], "gen2-norm-winner": [0.00267242, 0.824841, 0.0238357, 0.00554575], "gen2-winner-raw-d-score": 6.36086e-310, "gen2-winner-norm-d-score": 0.825208, "gen2-time": 33300, "gen3-front": [[2.94096e+06, 408, 5.16614e+06, 3.24061e+06], [2.94085e+06, 408, 5.16475e+06, 3.24137e+06], [2.93938e+06, 408, 5.1701e+06, 3.24219e+06], [2.94162e+06, 408, 5.16438e+06, 3.24123e+06], [2.94096e+06, 408, 5.16614e+06, 3.24061e+06], [2.91626e+06, 462, 4.70379e+06, 3.65744e+06], [2.94173e+06, 408, 5.16577e+06, 3.24046e+06], [2.94085e+06, 408, 5.16475e+06, 3.24137e+06], [2.91626e+06, 462, 4.70379e+06, 3.65744e+06], [2.94173e+06, 408, 5.16577e+06, 3.24046e+06], [2.91626e+06, 462, 4.70379e+06, 3.65744e+06], [2.93938e+06, 408, 5.1701e+06, 3.24219e+06], [2.91626e+06, 462, 4.70379e+06, 3.65744e+06], [2.92328e+06, 461, 4.70082e+06, 3.67295e+06], [2.91626e+06, 462, 4.70379e+06, 3.65744e+06], [3.18197e+06, 459, 5.88663e+06, 3.19941e+06], [2.91626e+06, 462, 4.70379e+06, 3.65744e+06], [2.91667e+06, 463, 4.70334e+06, 3.65819e+06], [1.21569e+07, 149, 2.42228e+07, 1.0628e+07], [2.91626e+06, 462, 4.70379e+06, 3.65744e+06], [1.21569e+07, 149, 2.42228e+07, 1.0628e+07]], "gen3-norm-front": [[0.00267242, 0.824841, 0.0238357, 0.00554575], [0.00266026, 0.824841, 0.0237644, 0.005649], [0.00250122, 0.824841, 0.0240388, 0.00575925], [0.00274409, 0.824841, 0.0237455, 0.00562921], [0.00267242, 0.824841, 0.0238357, 0.00554575], [0, 0.996815, 0.00015229, 0.0616572], [0.00275624, 0.824841, 0.0238168, 0.00552596], [0.00266026, 0.824841, 0.0237644, 0.005649], [0, 0.996815, 0.00015229, 0.0616572], [0.00275624, 0.824841, 0.0238168, 0.00552596], [0, 0.996815, 0.00015229, 0.0616572], [0.00250122, 0.824841, 0.0240388, 0.00575925], [0, 0.996815, 0.00015229, 0.0616572], [0.000759818, 0.993631, 0, 0.0637461], [0, 0.996815, 0.00015229, 0.0616572], [0.0287542, 0.987261, 0.0607422, 0], [0, 0.996815, 0.00015229, 0.0616572], [4.42887e-05, 1, 0.00012929, 0.0617585], [1, 0, 1, 1], [0, 0.996815, 0.00015229, 0.0616572], [1, 0, 1, 1]], "gen3-raw-d-score": [6.63378e+06, 2.91117e+07, 6.64333e+06, 7.41711e+06, 6.63378e+06, 6.7736e+06, 6.63378e+06, 6.77049e+06, 6.63406e+06, 6.63378e+06, 6.77049e+06, 6.76976e+06, 6.76975e+06, 6.77051e+06, 6.7736e+06, 6.63406e+06], "gen3-norm-d-score": [1.84522, 1.92907, 1.92907, 1.92907, 2.00943, 2.00942, 2.00943, 2.00943, 2.08669, 2.08523, 2.15998, 2.15556, 2.22776, 2.44321, 2.64157, 2.82452, 2.99978, 2.82865, 2.64527, 1.99936, 1.73205], "gen3-sparsity": 2.33048e+13, "gen3-raw-winner": [2.94096e+06, 408, 5.16614e+06, 3.24061e+06], "gen3-norm-winner": [0.00267242, 0.824841, 0.0238357, 0.00554575], "gen3-winner-raw-d-score": 4.24896e-321, "gen3-winner-norm-d-score": 1.84522, "gen3-time": 32643, "gen4-front": [[2.94096e+06, 408, 5.16614e+06, 3.24061e+06], [2.94162e+06, 408, 5.16438e+06, 3.24123e+06], [2.94085e+06, 408, 5.16475e+06, 3.24137e+06], [2.93938e+06, 408, 5.1701e+06, 3.24219e+06], [2.91626e+06, 462, 4.70379e+06, 3.65744e+06], [2.94173e+06, 408, 5.16577e+06, 3.24046e+06], [2.94096e+06, 408, 5.16614e+06, 3.24061e+06], [2.94085e+06, 408, 5.16475e+06, 3.24137e+06], [2.94173e+06, 408, 5.16577e+06, 3.24046e+06], [2.91626e+06, 462, 4.70379e+06, 3.65744e+06], [2.93938e+06, 408, 5.1701e+06, 3.24219e+06], [2.91626e+06, 462, 4.70379e+06, 3.65744e+06], [2.92328e+06, 461, 4.70082e+06, 3.67295e+06], [2.91626e+06, 462, 4.70379e+06, 3.65744e+06], [3.18197e+06, 459, 5.88663e+06, 3.19941e+06], [2.91626e+06, 462, 4.70379e+06, 3.65744e+06], [2.91667e+06, 463, 4.70334e+06, 3.65819e+06], [1.21569e+07, 149, 2.42228e+07, 1.0628e+07], [2.91626e+06, 462, 4.70379e+06, 3.65744e+06], [1.21569e+07, 149, 2.42228e+07, 1.0628e+07]], "gen4-norm-front": [[0.00267242, 0.824841, 0.0238357, 0.00554575], [0.00274409, 0.824841, 0.0237455, 0.00562921], [0.00266026, 0.824841, 0.0237644, 0.005649], [0.00250122, 0.824841, 0.0240388, 0.00575925], [0, 0.996815, 0.00015229, 0.0616572], [0.00275624, 0.824841, 0.0238168, 0.00552596], [0.00267242, 0.824841, 0.0238357, 0.00554575], [0.00266026, 0.824841, 0.0237644, 0.005649], [0.00275624, 0.824841, 0.0238168, 0.00552596], [0, 0.996815, 0.00015229, 0.0616572], [0.00250122, 0.824841, 0.0240388, 0.00575925], [0, 0.996815, 0.00015229, 0.0616572], [0.000759818, 0.993631, 0, 0.0637461], [0, 0.996815, 0.00015229, 0.0616572], [0.0287542, 0.987261, 0.0607422, 0], [0, 0.996815, 0.00015229, 0.0616572], [4.42887e-05, 1, 0.00012929, 0.0617585], [1, 0, 1, 1], [0, 0.996815, 0.00015229, 0.0616572], [1, 0, 1, 1]], "gen4-raw-d-score": [6.63378e+06, 2.91117e+07, 6.64333e+06, 7.41711e+06, 6.63378e+06, 6.7736e+06, 6.63378e+06, 6.77049e+06, 6.63406e+06, 6.63378e+06, 6.77049e+06, 6.76976e+06, 6.76975e+06, 6.77051e+06, 6.7736e+06, 6.63406e+06], "gen4-norm-d-score": [0.825208, 0.825206, 1.29553, 7.41711e+06, 0.99872, 6.63378e+06, 0.825208, 1.53603, 0.825208, 0.99872, 6.64333e+06, 0.99872, 0.995674, 0.99872, 0.989546, 0.99872, 1.41466, 1.73205, 0.99872, 1.73205], "gen4-sparsity": 2.45314e+13, "gen4-raw-winner": [2.94162e+06, 408, 5.16438e+06, 3.24123e+06], "gen4-norm-winner": [0.00274409, 0.824841, 0.0237455, 0.00562921], "gen4-winner-raw-d-score": 6.36086e-310, "gen4-winner-norm-d-score": 0.825206, "gen4-time": 32643, "gen5-front": [[2.94162e+06, 408, 5.16438e+06, 3.24123e+06], [2.94173e+06, 408, 5.16577e+06, 3.24046e+06], [2.94096e+06, 408, 5.16614e+06, 3.24061e+06], [3.18197e+06, 459, 5.88663e+06, 3.19941e+06], [2.92328e+06, 461, 4.70082e+06, 3.67295e+06], [2.91626e+06, 462, 4.70379e+06, 3.65744e+06], [2.94085e+06, 408, 5.16475e+06, 3.24137e+06], [2.94173e+06, 408, 5.16577e+06, 3.24046e+06], [2.93938e+06, 408, 5.1701e+06, 3.24219e+06], [2.91667e+06, 463, 4.70334e+06, 3.65819e+06], [1.21569e+07, 149, 2.42228e+07, 1.0628e+07], [2.91626e+06, 462, 4.70379e+06, 3.65744e+06], [1.21569e+07, 149, 2.42228e+07, 1.0628e+07]], "gen5-norm-front": [[0.00274409, 0.824841, 0.0237455, 0.00562921], [0.00275624, 0.824841, 0.0238168, 0.00552596], [0.00267242, 0.824841, 0.0238357, 0.00554575], [0.0287542, 0.987261, 0.0607422, 0], [0.000759818, 0.993631, 0, 0.0637461], [0, 0.996815, 0.00015229, 0.0616572], [0.00266026, 0.824841, 0.0237644, 0.005649], [0.00275624, 0.824841, 0.0238168, 0.00552596], [0.00250122, 0.824841, 0.0240388, 0.00575925], [4.42887e-05, 1, 0.00012929, 0.0617585], [1, 0, 1, 1], [0, 0.996815, 0.00015229, 0.0616572], [1, 0, 1, 1]], "gen5-raw-d-score": [6.63378e+06, 2.91117e+07, 6.64333e+06, 7.41711e+06, 6.63378e+06, 6.7736e+06, 6.63378e+06, 6.77049e+06, 6.63406e+06, 6.63378e+06, 6.77049e+06, 6.76976e+06, 6.76975e+06, 6.77051e+06, 6.7736e+06, 6.63406e+06], "gen5-norm-d-score": [1.42959, 1.53008, 1.62835, 1.72279, 1.63395, 1.53603, 1.42931, 1.8346, 2.16444, 2.44975, 2.64527, 1.99936, 1.73205], "gen5-sparsity": 3.88413e+13, "gen5-raw-winner": [2.94085e+06, 408, 5.16475e+06, 3.24137e+06], "gen5-norm-winner": [0.00266026, 0.824841, 0.0237644, 0.005649], "gen5-winner-raw-d-score": 2.90511e-321, "gen5-winner-norm-d-score": 1.42931, "gen5-time": 31926}, {"source": 69464, "target": 58822, "gen0-front": [[2.1026e+06, 182, 3.36748e+06, 2.63904e+06], [9.00665e+06, 0, 1.79052e+07, 7.94169e+06], [2.10435e+06, 186, 3.35909e+06, 2.65214e+06], [2.16825e+06, 160, 3.59762e+06, 2.5907e+06], [2.10338e+06, 189, 3.3591e+06, 2.65215e+06], [2.1026e+06, 182, 3.36748e+06, 2.63904e+06], [2.11521e+06, 166, 3.43725e+06, 2.60941e+06], [2.10338e+06, 189, 3.3591e+06, 2.65215e+06], [2.1026e+06, 182, 3.36748e+06, 2.63904e+06], [2.10338e+06, 189, 3.3591e+06, 2.65215e+06]], "gen0-norm-front": [[0, 0.962963, 0.000577128, 0.00903552], [1, 0, 1, 1], [0.000253267, 0.984127, 0, 0.0114831], [0.00950842, 0.846561, 0.0163986, 0], [0.000113375, 1, 4.81227e-07, 0.0114844], [0, 0.962963, 0.000577128, 0.00903552], [0.00182612, 0.878307, 0.00537338, 0.00349748], [0.000113375, 1, 4.81227e-07, 0.0114844], [0, 0.962963, 0.000577128, 0.00903552], [0.000113375, 1, 4.81227e-07, 0.0114844]], "gen0-raw-d-score": [4.76712e+06, 2.15589e+07, 4.76924e+06, 4.93517e+06, 4.76882e+06, 4.76712e+06, 4.80602e+06, 4.76882e+06, 4.76712e+06, 4.76882e+06], "gen0-norm-d-score": [0.963006, 1.73205, 0.984194, 0.846773, 1.00007, 0.963006, 0.878332, 1.41431, 0.963006, 1.00007], "gen0-sparsity": 3.1054e+13, "gen0-raw-winner": [2.16825e+06, 160, 3.59762e+06, 2.5907e+06], "gen0-norm-winner": [0.00950842, 0.846561, 0.0163986, 0], "gen0-winner-naw-d-score": 4.93517e+06, "gen0-winner-norm-d-score": 0.846773, "gen0-time": 31608, "gen1-front": [[2.16825e+06, 160, 3.59762e+06, 2.5907e+06], [2.11521e+06, 166, 3.43725e+06, 2.60941e+06], [2.1026e+06, 182, 3.36748e+06, 2.63904e+06], [2.10435e+06, 186, 3.35909e+06, 2.65214e+06], [2.10338e+06, 189, 3.3591e+06, 2.65215e+06], [9.00665e+06, 0, 1.79052e+07, 7.94169e+06], [2.1026e+06, 182, 3.36748e+06, 2.63904e+06], [9.00665e+06, 0, 1.79052e+07, 7.94169e+06], [2.1026e+06, 182, 3.36748e+06, 2.63904e+06], [2.10338e+06, 189, 3.3591e+06, 2.65215e+06], [2.13775e+06, 163, 3.51646e+06, 2.59183e+06], [2.10338e+06, 189, 3.3591e+06, 2.65215e+06], [2.1026e+06, 182, 3.36748e+06, 2.63904e+06], [2.10338e+06, 189, 3.3591e+06, 2.65215e+06], [2.1026e+06, 182, 3.36748e+06, 2.63904e+06], [2.11474e+06, 166, 3.43524e+06, 2.61019e+06], [2.1026e+06, 182, 3.36748e+06, 2.63904e+06]], "gen1-norm-front": [[0.00950842, 0.846561, 0.0163986, 0], [0.00182612, 0.878307, 0.00537338, 0.00349748], [0, 0.962963, 0.000577128, 0.00903552], [0.000253267, 0.984127, 0, 0.0114831], [0.000113375, 1, 4.81227e-07, 0.0114844], [1, 0, 1, 1], [0, 0.962963, 0.000577128, 0.00903552], [1, 0, 1, 1], [0, 0.962963, 0.000577128, 0.00903552], [0.000113375, 1, 4.81227e-07, 0.0114844], [0.0050915, 0.862434, 0.0108187, 0.000211923], [0.000113375, 1, 4.81227e-07, 0.0114844], [0, 0.962963, 0.000577128, 0.00903552], [0.000113375, 1, 4.81227e-07, 0.0114844], [0, 0.962963, 0.000577128, 0.00903552], [0.00175846, 0.878307, 0.00523513, 0.00364269], [0, 0.962963, 0.000577128, 0.00903552]], "gen1-raw-d-score": [4.76712e+06, 2.15589e+07, 4.76924e+06, 4.93517e+06, 4.76882e+06, 4.76712e+06, 4.80602e+06, 4.76882e+06, 4.76712e+06, 4.76882e+06], "gen1-norm-d-score": [0.846773, 0.878332, 0.963006, 0.984194, 1.00007, 1.73205, 0.963006, 1.73205, 0.963006, 1.00007, 0.862517, 1.00007, 0.963006, 1.00007, 0.963006, 0.878332, 0.963006], "gen1-sparsity": 1.7467e+13, "gen1-raw-winner": [2.16825e+06, 160, 3.59762e+06, 2.5907e+06], "gen1-norm-winner": [0.00950842, 0.846561, 0.0163986, 0], "gen1-winner-raw-d-score": 0, "gen1-winner-norm-d-score": 0.846773, "gen1-time": 29922, "gen2-front": [[2.16825e+06, 160, 3.59762e+06, 2.5907e+06], [2.13775e+06, 163, 3.51646e+06, 2.59183e+06], [2.11474e+06, 166, 3.43524e+06, 2.61019e+06], [2.11521e+06, 166, 3.43725e+06, 2.60941e+06], [2.1026e+06, 182, 3.36748e+06, 2.63904e+06], [2.10435e+06, 186, 3.35909e+06, 2.65214e+06], [2.10338e+06, 189, 3.3591e+06, 2.65215e+06], [9.00665e+06, 0, 1.79052e+07, 7.94169e+06], [2.1026e+06, 182, 3.36748e+06, 2.63904e+06], [9.00665e+06, 0, 1.79052e+07, 7.94169e+06], [2.10338e+06, 189, 3.3591e+06, 2.65215e+06], [2.1026e+06, 182, 3.36748e+06, 2.63904e+06], [2.10338e+06, 189, 3.3591e+06, 2.65215e+06]], "gen2-norm-front": [[0.00950842, 0.846561, 0.0163986, 0], [0.0050915, 0.862434, 0.0108187, 0.000211923], [0.00175846, 0.878307, 0.00523513, 0.00364269], [0.00182612, 0.878307, 0.00537338, 0.00349748], [0, 0.962963, 0.000577128, 0.00903552], [0.000253267, 0.984127, 0, 0.0114831], [0.000113375, 1, 4.81227e-07, 0.0114844], [1, 0, 1, 1], [0, 0.962963, 0.000577128, 0.00903552], [1, 0, 1, 1], [0.000113375, 1, 4.81227e-07, 0.0114844], [0, 0.962963, 0.000577128, 0.00903552], [0.000113375, 1, 4.81227e-07, 0.0114844]], "gen2-raw-d-score": [4.76712e+06, 2.15589e+07, 4.76924e+06, 4.93517e+06, 4.76882e+06, 4.76712e+06, 4.80602e+06, 4.76882e+06, 4.76712e+06, 4.76882e+06], "gen2-norm-d-score": [1.49413, 1.51224, 1.57172, 1.63324, 1.97387, 2.22907, 2.43465, 2.63199, 2.2198, 2.2198, 1.71104, 1.38835, 1.00007], "gen2-sparsity": 2.32893e+13, "gen2-raw-winner": [2.1026e+06, 182, 3.36748e+06, 2.63904e+06], "gen2-norm-winner": [0, 0.962963, 0.000577128, 0.00903552], "gen2-winner-raw-d-score": 6.36087e-310, "gen2-winner-norm-d-score": 1.38835, "gen2-time": 29922, "gen3-front": [[2.1026e+06, 182, 3.36748e+06, 2.63904e+06], [2.16825e+06, 160, 3.59762e+06, 2.5907e+06], [2.13775e+06, 163, 3.51646e+06, 2.59183e+06], [2.11474e+06, 166, 3.43524e+06, 2.61019e+06], [2.11521e+06, 166, 3.43725e+06, 2.60941e+06], [2.1026e+06, 182, 3.36748e+06, 2.63904e+06], [2.10435e+06, 186, 3.35909e+06, 2.65214e+06], [2.10338e+06, 189, 3.3591e+06, 2.65215e+06], [9.00665e+06, 0, 1.79052e+07, 7.94169e+06], [2.1026e+06, 182, 3.36748e+06, 2.63904e+06], [9.00665e+06, 0, 1.79052e+07, 7.94169e+06], [2.1026e+06, 182, 3.36748e+06, 2.63904e+06], [2.10338e+06, 189, 3.3591e+06, 2.65215e+06], [2.1026e+06, 182, 3.36748e+06, 2.63904e+06], [2.10338e+06, 189, 3.3591e+06, 2.65215e+06], [2.1026e+06, 182, 3.36748e+06, 2.63904e+06], [2.11474e+06, 166, 3.43524e+06, 2.61019e+06]], "gen3-norm-front": [[0, 0.962963, 0.000577128, 0.00903552], [0.00950842, 0.846561, 0.0163986, 0], [0.0050915, 0.862434, 0.0108187, 0.000211923], [0.00175846, 0.878307, 0.00523513, 0.00364269], [0.00182612, 0.878307, 0.00537338, 0.00349748], [0, 0.962963, 0.000577128, 0.00903552], [0.000253267, 0.984127, 0, 0.0114831], [0.000113375, 1, 4.81227e-07, 0.0114844], [1, 0, 1, 1], [0, 0.962963, 0.000577128, 0.00903552], [1, 0, 1, 1], [0, 0.962963, 0.000577128, 0.00903552], [0.000113375, 1, 4.81227e-07, 0.0114844], [0, 0.962963, 0.000577128, 0.00903552], [0.000113375, 1, 4.81227e-07, 0.0114844], [0, 0.962963, 0.000577128, 0.00903552], [0.00175846, 0.878307, 0.00523513, 0.00364269]], "gen3-raw-d-score": [4.76712e+06, 2.15589e+07, 4.76924e+06, 4.93517e+06, 4.76882e+06, 4.76712e+06, 4.80602e+06, 4.76882e+06, 4.76712e+06, 4.76882e+06], "gen3-norm-d-score": [1.77759, 1.73317, 1.79283, 1.85444, 2.16047, 2.4282, 2.62605, 2.81558, 2.80263, 2.41969, 2.41969, 1.96342, 1.96342, 1.9043, 1.64286, 1.3034, 0.878332], "gen3-sparsity": 1.7467e+13, "gen3-raw-winner": [2.11474e+06, 166, 3.43524e+06, 2.61019e+06], "gen3-norm-winner": [0.00175846, 0.878307, 0.00523513, 0.00364269], "gen3-winner-raw-d-score": 2.81617e-321, "gen3-winner-norm-d-score": 0.878332, "gen3-time": 29009, "gen4-front": [[2.11474e+06, 166, 3.43524e+06, 2.61019e+06], [2.1026e+06, 182, 3.36748e+06, 2.63904e+06], [2.16825e+06, 160, 3.59762e+06, 2.5907e+06], [2.1026e+06, 182, 3.36748e+06, 2.63904e+06], [2.13775e+06, 163, 3.51646e+06, 2.59183e+06], [2.11474e+06, 166, 3.43524e+06, 2.61019e+06], [2.1026e+06, 182, 3.36748e+06, 2.63904e+06], [2.11521e+06, 166, 3.43725e+06, 2.60941e+06], [2.1026e+06, 182, 3.36748e+06, 2.63904e+06], [2.10435e+06, 186, 3.35909e+06, 2.65214e+06], [2.10338e+06, 189, 3.3591e+06, 2.65215e+06], [9.00665e+06, 0, 1.79052e+07, 7.94169e+06], [2.1026e+06, 182, 3.36748e+06, 2.63904e+06], [9.00665e+06, 0, 1.79052e+07, 7.94169e+06], [2.1026e+06, 182, 3.36748e+06, 2.63904e+06], [2.11521e+06, 166, 3.43725e+06, 2.60941e+06], [2.10338e+06, 189, 3.3591e+06, 2.65215e+06]], "gen4-norm-front": [[0.00175846, 0.878307, 0.00523513, 0.00364269], [0, 0.962963, 0.000577128, 0.00903552], [0.00950842, 0.846561, 0.0163986, 0], [0, 0.962963, 0.000577128, 0.00903552], [0.0050915, 0.862434, 0.0108187, 0.000211923], [0.00175846, 0.878307, 0.00523513, 0.00364269], [0, 0.962963, 0.000577128, 0.00903552], [0.00182612, 0.878307, 0.00537338, 0.00349748], [0, 0.962963, 0.000577128, 0.00903552], [0.000253267, 0.984127, 0, 0.0114831], [0.000113375, 1, 4.81227e-07, 0.0114844], [1, 0, 1, 1], [0, 0.962963, 0.000577128, 0.00903552], [1, 0, 1, 1], [0, 0.962963, 0.000577128, 0.00903552], [0.00182612, 0.878307, 0.00537338, 0.00349748], [0.000113375, 1, 4.81227e-07, 0.0114844]], "gen4-raw-d-score": [4.76712e+06, 2.15589e+07, 4.76924e+06, 4.93517e+06, 4.76882e+06, 4.76712e+06, 4.80602e+06, 4.76882e+06, 4.76712e+06, 4.76882e+06], "gen4-norm-d-score": [0.878332, 1.3034, 0.846773, 0.963006, 0.862517, 0.878332, 0.963006, 0.878332, 0.963006, 0.984194, 1.00007, 1.73205, 0.963006, 1.93493, 0.963006, 4.76882e+06, 1.00007], "gen4-sparsity": 1.7467e+13, "gen4-raw-winner": [2.16825e+06, 160, 3.59762e+06, 2.5907e+06], "gen4-norm-winner": [0.00950842, 0.846561, 0.0163986, 0], "gen4-winner-raw-d-score": 6.36087e-310, "gen4-winner-norm-d-score": 0.846773, "gen4-time": 29009, "gen5-front": [[2.16825e+06, 160, 3.59762e+06, 2.5907e+06], [2.13775e+06, 163, 3.51646e+06, 2.59183e+06], [2.11474e+06, 166, 3.43524e+06, 2.61019e+06], [2.11521e+06, 166, 3.43725e+06, 2.60941e+06], [2.1026e+06, 182, 3.36748e+06, 2.63904e+06], [2.10435e+06, 186, 3.35909e+06, 2.65214e+06], [2.1026e+06, 182, 3.36748e+06, 2.63904e+06], [2.11521e+06, 166, 3.43725e+06, 2.60941e+06], [2.10338e+06, 189, 3.3591e+06, 2.65215e+06], [9.00665e+06, 0, 1.79052e+07, 7.94169e+06], [2.1026e+06, 182, 3.36748e+06, 2.63904e+06], [9.00665e+06, 0, 1.79052e+07, 7.94169e+06], [2.10338e+06, 189, 3.3591e+06, 2.65215e+06], [2.1026e+06, 182, 3.36748e+06, 2.63904e+06]], "gen5-norm-front": [[0.00950842, 0.846561, 0.0163986, 0], [0.0050915, 0.862434, 0.0108187, 0.000211923], [0.00175846, 0.878307, 0.00523513, 0.00364269], [0.00182612, 0.878307, 0.00537338, 0.00349748], [0, 0.962963, 0.000577128, 0.00903552], [0.000253267, 0.984127, 0, 0.0114831], [0, 0.962963, 0.000577128, 0.00903552], [0.00182612, 0.878307, 0.00537338, 0.00349748], [0.000113375, 1, 4.81227e-07, 0.0114844], [1, 0, 1, 1], [0, 0.962963, 0.000577128, 0.00903552], [1, 0, 1, 1], [0.000113375, 1, 4.81227e-07, 0.0114844], [0, 0.962963, 0.000577128, 0.00903552]], "gen5-raw-d-score": [4.76712e+06, 2.15589e+07, 4.76924e+06, 4.93517e+06, 4.76882e+06, 4.76712e+06, 4.80602e+06, 4.76882e+06, 4.76712e+06, 4.76882e+06], "gen5-norm-d-score": [9.00665e+06, 0.862517, 0.878332, 0.878332, 0.963006, 2.10435e+06, 0.963006, 0.878332, 1.00007, 1.73205, 0.963006, 1.73205, 1.00007, 0.963006], "gen5-sparsity": 2.14978e+13, "gen5-raw-winner": [2.13775e+06, 163, 3.51646e+06, 2.59183e+06], "gen5-norm-winner": [0.0050915, 0.862434, 0.0108187, 0.000211923], "gen5-winner-raw-d-score": 6.81811e-322, "gen5-winner-norm-d-score": 0.862517, "gen5-time": 29222}, {"source": 192156, "target": 177003, "gen0-front": [[977290, 214, 1.87336e+06, 944940], [1.0166e+06, 200, 1.95748e+06, 953973], [980768, 209, 1.87132e+06, 944123], [1.00116e+06, 206, 1.92267e+06, 942335], [977675, 209, 1.87175e+06, 944295], [978352, 209, 1.87132e+06, 944123], [978178, 209, 1.87292e+06, 943458], [977675, 209, 1.87175e+06, 944295], [978095, 209, 1.87143e+06, 944166], [977675, 209, 1.87175e+06, 944295], [978095, 209, 1.87143e+06, 944166], [977290, 214, 1.87336e+06, 944940], [978352, 209, 1.87132e+06, 944123], [977675, 209, 1.87175e+06, 944295], [978352, 209, 1.87132e+06, 944123], [978095, 209, 1.87143e+06, 944166]], "gen0-norm-front": [[0, 1, 0.0237111, 0.223836], [1, 0, 1, 1], [0.0884648, 0.642857, 0, 0.153635], [0.607228, 0.428571, 0.59597, 0], [0.00979657, 0.642857, 0.0049906, 0.168414], [0.027012, 0.642857, 0, 0.153635], [0.0225944, 0.642857, 0.0185813, 0.0964942], [0.00979657, 0.642857, 0.0049906, 0.168414], [0.020488, 0.642857, 0.00125345, 0.157329], [0.00979657, 0.642857, 0.0049906, 0.168414], [0.020488, 0.642857, 0.00125345, 0.157329], [0, 1, 0.0237111, 0.223836], [0.027012, 0.642857, 0, 0.153635], [0.00979657, 0.642857, 0.0049906, 0.168414], [0.027012, 0.642857, 0, 0.153635], [0.020488, 0.642857, 0.00125345, 0.157329]], "gen0-raw-d-score": [2.31462e+06, 2.40318e+06, 2.31411e+06, 2.36368e+06, 2.31322e+06, 2.31309e+06, 2.31404e+06, 2.31322e+06, 2.31308e+06, 2.31322e+06, 2.31308e+06, 2.31462e+06, 2.31309e+06, 2.31322e+06, 2.31309e+06, 2.31308e+06], "gen0-norm-d-score": [2.32442, 2.18953, 1.49386, 1.48673, 1.32081, 1.31955, 1.32112, 1.32679, 1.53925, 1.53898, 1.53898, 1.5387, 1.32491, 1.14795, 0.935969, 0.662147], "gen0-sparsity": 2.92605e+08, "gen0-raw-winner": [978095, 209, 1.87143e+06, 944166], "gen0-norm-winner": [0.020488, 0.642857, 0.00125345, 0.157329], "gen0-winner-naw-d-score": 2.31308e+06, "gen0-winner-norm-d-score": 0.662147, "gen0-time": 2046, "gen1-front": [[978095, 209, 1.87143e+06, 944166], [978352, 209, 1.87132e+06, 944123], [977675, 209, 1.87175e+06, 944295], [978352, 209, 1.87132e+06, 944123], [977675, 209, 1.87175e+06, 944295], [978178, 209, 1.87292e+06, 943458], [978352, 209, 1.87132e+06, 944123], [977675, 209, 1.87175e+06, 944295], [1.00116e+06, 206, 1.92267e+06, 942335], [977675, 209, 1.87175e+06, 944295], [977675, 209, 1.87175e+06, 944295], [978095, 209, 1.87143e+06, 944166], [977290, 214, 1.87336e+06, 944940], [1.0166e+06, 200, 1.95748e+06, 953973], [978095, 209, 1.87143e+06, 944166], [978599, 209, 1.8726e+06, 943329], [978095, 209, 1.87143e+06, 944166], [977675, 209, 1.87175e+06, 944295], [1.0166e+06, 200, 1.95748e+06, 953973], [977675, 209, 1.87175e+06, 944295], [978352, 209, 1.87132e+06, 944123]], "gen1-norm-front": [[0.020488, 0.642857, 0.00125345, 0.157329], [0.027012, 0.642857, 0, 0.153635], [0.00979657, 0.642857, 0.0049906, 0.168414], [0.027012, 0.642857, 0, 0.153635], [0.00979657, 0.642857, 0.0049906, 0.168414], [0.0225944, 0.642857, 0.0185813, 0.0964942], [0.027012, 0.642857, 0, 0.153635], [0.00979657, 0.642857, 0.0049906, 0.168414], [0.607228, 0.428571, 0.59597, 0], [0.00979657, 0.642857, 0.0049906, 0.168414], [0.00979657, 0.642857, 0.0049906, 0.168414], [0.020488, 0.642857, 0.00125345, 0.157329], [0, 1, 0.0237111, 0.223836], [1, 0, 1, 1], [0.020488, 0.642857, 0.00125345, 0.157329], [0.0332858, 0.642857, 0.0148441, 0.0854099], [0.020488, 0.642857, 0.00125345, 0.157329], [0.00979657, 0.642857, 0.0049906, 0.168414], [1, 0, 1, 1], [0.00979657, 0.642857, 0.0049906, 0.168414], [0.027012, 0.642857, 0, 0.153635]], "gen1-raw-d-score": [2.31462e+06, 2.40318e+06, 2.31411e+06, 2.36368e+06, 2.31322e+06, 2.31309e+06, 2.31404e+06, 2.31322e+06, 2.31308e+06, 2.31322e+06, 2.31308e+06, 2.31462e+06, 2.31309e+06, 2.31322e+06, 2.31309e+06, 2.31308e+06], "gen1-norm-d-score": [0.662147, 0.661512, 0.939946, 0.661512, 2.31308e+06, 0.650717, 0.661512, 0.939997, 0.95267, 0.664642, 0.664642, 2.40318e+06, 2.3139e+06, 1.73205, 2.40318e+06, 0.649529, 0.92837, 0.938184, 2.3139e+06, 0.664642, 0.661512], "gen1-sparsity": 2.23784e+08, "gen1-raw-winner": [978599, 209, 1.8726e+06, 943329], "gen1-norm-winner": [0.0332858, 0.642857, 0.0148441, 0.0854099], "gen1-winner-raw-d-score": 0, "gen1-winner-norm-d-score": 0.649529, "gen1-time": 1833, "gen2-front": [[978599, 209, 1.8726e+06, 943329], [978178, 209, 1.87292e+06, 943458], [978352, 209, 1.87132e+06, 944123], [978095, 209, 1.87143e+06, 944166], [977675, 209, 1.87175e+06, 944295], [978095, 209, 1.87143e+06, 944166], [977675, 209, 1.87175e+06, 944295], [1.00116e+06, 206, 1.92267e+06, 942335], [977675, 209, 1.87175e+06, 944295], [978095, 209, 1.87143e+06, 944166], [977290, 214, 1.87336e+06, 944940], [1.0166e+06, 200, 1.95748e+06, 953973], [978095, 209, 1.87143e+06, 944166], [978599, 209, 1.8726e+06, 943329], [978095, 209, 1.87143e+06, 944166], [977675, 209, 1.87175e+06, 944295], [1.0166e+06, 200, 1.95748e+06, 953973]], "gen2-norm-front": [[0.0332858, 0.642857, 0.0148441, 0.0854099], [0.0225944, 0.642857, 0.0185813, 0.0964942], [0.027012, 0.642857, 0, 0.153635], [0.020488, 0.642857, 0.00125345, 0.157329], [0.00979657, 0.642857, 0.0049906, 0.168414], [0.020488, 0.642857, 0.00125345, 0.157329], [0.00979657, 0.642857, 0.0049906, 0.168414], [0.607228, 0.428571, 0.59597, 0], [0.00979657, 0.642857, 0.0049906, 0.168414], [0.020488, 0.642857, 0.00125345, 0.157329], [0, 1, 0.0237111, 0.223836], [1, 0, 1, 1], [0.020488, 0.642857, 0.00125345, 0.157329], [0.0332858, 0.642857, 0.0148441, 0.0854099], [0.020488, 0.642857, 0.00125345, 0.157329], [0.00979657, 0.642857, 0.0049906, 0.168414], [1, 0, 1, 1]], "gen2-raw-d-score": [2.31462e+06, 2.40318e+06, 2.31411e+06, 2.36368e+06, 2.31322e+06, 2.31309e+06, 2.31404e+06, 2.31322e+06, 2.31308e+06, 2.31322e+06, 2.31308e+06, 2.31462e+06, 2.31309e+06, 2.31322e+06, 2.31309e+06, 2.31308e+06], "gen2-norm-d-score": [1.31204, 1.31971, 1.32526, 1.45914, 1.49319, 1.4933, 1.49316, 1.95919, 2.22065, 2.22006, 2.21617, 2.07337, 1.65545, 2.07414, 1.96982, 1.8552, 1.73205], "gen2-sparsity": 2.79731e+08, "gen2-raw-winner": [978599, 209, 1.8726e+06, 943329], "gen2-norm-winner": [0.0332858, 0.642857, 0.0148441, 0.0854099], "gen2-winner-raw-d-score": 6.36087e-310, "gen2-winner-norm-d-score": 1.31204, "gen2-time": 1833, "gen3-front": [[978599, 209, 1.8726e+06, 943329], [978178, 209, 1.87292e+06, 943458], [978352, 209, 1.87132e+06, 944123], [978095, 209, 1.87143e+06, 944166], [977675, 209, 1.87175e+06, 944295], [978095, 209, 1.87143e+06, 944166], [977675, 209, 1.87175e+06, 944295], [1.00116e+06, 206, 1.92267e+06, 942335], [978095, 209, 1.87143e+06, 944166], [978599, 209, 1.8726e+06, 943329], [978095, 209, 1.87143e+06, 944166], [977675, 209, 1.87175e+06, 944295], [977290, 214, 1.87336e+06, 944940], [1.0166e+06, 200, 1.95748e+06, 953973], [978095, 209, 1.87143e+06, 944166], [978599, 209, 1.8726e+06, 943329], [978095, 209, 1.87143e+06, 944166], [977675, 209, 1.87175e+06, 944295], [1.0166e+06, 200, 1.95748e+06, 953973], [978095, 209, 1.87143e+06, 944166], [978599, 209, 1.8726e+06, 943329], [978095, 209, 1.87143e+06, 944166]], "gen3-norm-front": [[0.0332858, 0.642857, 0.0148441, 0.0854099], [0.0225944, 0.642857, 0.0185813, 0.0964942], [0.027012, 0.642857, 0, 0.153635], [0.020488, 0.642857, 0.00125345, 0.157329], [0.00979657, 0.642857, 0.0049906, 0.168414], [0.020488, 0.642857, 0.00125345, 0.157329], [0.00979657, 0.642857, 0.0049906, 0.168414], [0.607228, 0.428571, 0.59597, 0], [0.020488, 0.642857, 0.00125345, 0.157329], [0.0332858, 0.642857, 0.0148441, 0.0854099], [0.020488, 0.642857, 0.00125345, 0.157329], [0.00979657, 0.642857, 0.0049906, 0.168414], [0, 1, 0.0237111, 0.223836], [1, 0, 1, 1], [0.020488, 0.642857, 0.00125345, 0.157329], [0.0332858, 0.642857, 0.0148441, 0.0854099], [0.020488, 0.642857, 0.00125345, 0.157329], [0.00979657, 0.642857, 0.0049906, 0.168414], [1, 0, 1, 1], [0.020488, 0.642857, 0.00125345, 0.157329], [0.0332858, 0.642857, 0.0148441, 0.0854099], [0.020488, 0.642857, 0.00125345, 0.157329]], "gen3-raw-d-score": [2.31462e+06, 2.40318e+06, 2.31411e+06, 2.36368e+06, 2.31322e+06, 2.31309e+06, 2.31404e+06, 2.31322e+06, 2.31308e+06, 2.31322e+06, 2.31308e+06, 2.31462e+06, 2.31309e+06, 2.31322e+06, 2.31309e+06, 2.31308e+06], "gen3-norm-d-score": [0.649529, 0.650717, 2.31308e+06, 0.662147, 0.664642, 0.662147, 1.8552, 0.95267, 0.662147, 0.927538, 0.662147, 0.929321, 1.02502, 2.01263, 0.662147, 0.649529, 0.662147, 0.664642, 1.73205, 3.27119e+06, 0.649529, 978599], "gen3-sparsity": 2.13128e+08, "gen3-raw-winner": [978599, 209, 1.8726e+06, 943329], "gen3-norm-winner": [0.0332858, 0.642857, 0.0148441, 0.0854099], "gen3-winner-raw-d-score": 5.33591e-322, "gen3-winner-norm-d-score": 0.649529, "gen3-time": 1805, "gen4-front": [[978599, 209, 1.8726e+06, 943329], [978178, 209, 1.87292e+06, 943458], [978095, 209, 1.87143e+06, 944166], [977675, 209, 1.87175e+06, 944295], [978599, 209, 1.8726e+06, 943329], [977675, 209, 1.87175e+06, 944295], [1.00116e+06, 206, 1.92267e+06, 942335], [977675, 209, 1.87175e+06, 944295], [978095, 209, 1.87143e+06, 944166], [978352, 209, 1.87132e+06, 944123], [978095, 209, 1.87143e+06, 944166], [977290, 214, 1.87336e+06, 944940], [978095, 209, 1.87143e+06, 944166], [978599, 209, 1.8726e+06, 943329], [978095, 209, 1.87143e+06, 944166], [977675, 209, 1.87175e+06, 944295]], "gen4-norm-front": [[0.054816, 0.375, 0.0249075, 0.381574], [0.0372091, 0.375, 0.0311782, 0.431094], [0.0337402, 0.375, 0.00210321, 0.702879], [0.0161333, 0.375, 0.0083739, 0.752399], [0.054816, 0.375, 0.0249075, 0.381574], [0.0161333, 0.375, 0.0083739, 0.752399], [1, 0, 1, 0], [0.0161333, 0.375, 0.0083739, 0.752399], [0.0337402, 0.375, 0.00210321, 0.702879], [0.0444842, 0.375, 0, 0.686372], [0.0337402, 0.375, 0.00210321, 0.702879], [0, 1, 0.0397858, 1], [0.0337402, 0.375, 0.00210321, 0.702879], [0.054816, 0.375, 0.0249075, 0.381574], [0.0337402, 0.375, 0.00210321, 0.702879], [0.0161333, 0.375, 0.0083739, 0.752399]], "gen4-raw-d-score": [2.31462e+06, 2.40318e+06, 2.31411e+06, 2.36368e+06, 2.31322e+06, 2.31309e+06, 2.31404e+06, 2.31322e+06, 2.31308e+06, 2.31322e+06, 2.31308e+06, 2.31462e+06, 2.31309e+06, 2.31322e+06, 2.31309e+06, 2.31308e+06], "gen4-norm-d-score": [0.538376, 0.573431, 0.797375, 0.840869, 0.538376, 0.840869, 1.41421, 0.840869, 2.31322e+06, 0.783397, 0.797375, 1.41477, 0.797375, 0.538376, 0.797375, 0.840869], "gen4-sparsity": 1.96251e+08, "gen4-raw-winner": [978599, 209, 1.8726e+06, 943329], "gen4-norm-winner": [0.054816, 0.375, 0.0249075, 0.381574], "gen4-winner-raw-d-score": 6.36087e-310, "gen4-winner-norm-d-score": 0.538376, "gen4-time": 1805, "gen5-front": [[978599, 209, 1.8726e+06, 943329], [978178, 209, 1.87292e+06, 943458], [978352, 209, 1.87132e+06, 944123], [978095, 209, 1.87143e+06, 944166], [977675, 209, 1.87175e+06, 944295], [978095, 209, 1.87143e+06, 944166], [1.00116e+06, 206, 1.92267e+06, 942335], [977290, 214, 1.87336e+06, 944940], [977675, 209, 1.87175e+06, 944295], [1.00116e+06, 206, 1.92267e+06, 942335], [977675, 209, 1.87175e+06, 944295], [978352, 209, 1.87132e+06, 944123], [978095, 209, 1.87143e+06, 944166], [977675, 209, 1.87175e+06, 944295], [978178, 209, 1.87292e+06, 943458]], "gen5-norm-front": [[0.054816, 0.375, 0.0249075, 0.381574], [0.0372091, 0.375, 0.0311782, 0.431094], [0.0444842, 0.375, 0, 0.686372], [0.0337402, 0.375, 0.00210321, 0.702879], [0.0161333, 0.375, 0.0083739, 0.752399], [0.0337402, 0.375, 0.00210321, 0.702879], [1, 0, 1, 0], [0, 1, 0.0397858, 1], [0.0161333, 0.375, 0.0083739, 0.752399], [1, 0, 1, 0], [0.0161333, 0.375, 0.0083739, 0.752399], [0.0444842, 0.375, 0, 0.686372], [0.0337402, 0.375, 0.00210321, 0.702879], [0.0161333, 0.375, 0.0083739, 0.752399], [0.0372091, 0.375, 0.0311782, 0.431094]], "gen5-raw-d-score": [2.31462e+06, 2.40318e+06, 2.31411e+06, 2.36368e+06, 2.31322e+06, 2.31309e+06, 2.31404e+06, 2.31322e+06, 2.31308e+06, 2.31322e+06, 2.31308e+06, 2.31462e+06, 2.31309e+06, 2.31322e+06, 2.31309e+06, 2.31308e+06], "gen5-norm-d-score": [0.538376, 0.573431, 2.31308e+06, 0.797375, 0.840869, 0.797375, 1.41421, 1.41477, 0.840869, 2.16771e+06, 0.840869, 0.783397, 0.797375, 2.31309e+06, 2.31308e+06], "gen5-sparsity": 2.10269e+08, "gen5-raw-winner": [978599, 209, 1.8726e+06, 943329], "gen5-norm-winner": [0.054816, 0.375, 0.0249075, 0.381574], "gen5-winner-raw-d-score": 4.75785e-321, "gen5-winner-norm-d-score": 0.538376, "gen5-time": 2833}, {"source": 209893, "target": 416036, "gen0-front": [[540578, 140, 863710, 707457], [2.37737e+06, 26, 4.69583e+06, 2.10162e+06], [548458, 148, 853621, 736029], [707200, 157, 1.33008e+06, 699450], [540603, 140, 863636, 707426], [542201, 146, 856587, 720505], [540603, 140, 863636, 707426], [542611, 147, 856138, 721257], [540603, 140, 863636, 707426], [542611, 147, 856138, 721257], [540603, 140, 863636, 707426]], "gen0-norm-front": [[0, 0.870229, 0.00262583, 0.00571041], [1, 0, 1, 1], [0.00428974, 0.931298, 0, 0.0260873], [0.0907133, 1, 0.124006, 0], [1.33875e-05, 0.870229, 0.00260657, 0.00568831], [0.000883558, 0.916031, 0.000771952, 0.015016], [1.33875e-05, 0.870229, 0.00260657, 0.00568831], [0.00110637, 0.923664, 0.000655092, 0.0155523], [1.33875e-05, 0.870229, 0.00260657, 0.00568831], [0.00110637, 0.923664, 0.000655092, 0.0155523], [1.33875e-05, 0.870229, 0.00260657, 0.00568831]], "gen0-raw-d-score": [1.24045e+06, 5.66741e+06, 1.25348e+06, 1.66086e+06, 1.24039e+06, 1.24372e+06, 1.24039e+06, 1.24403e+06, 1.24039e+06, 1.24403e+06, 1.24039e+06], "gen0-norm-d-score": [2.15051, 2.2117, 1.62755, 1.61866, 1.53427, 1.56519, 1.53884, 1.56968, 1.53884, 1.26915, 0.870252], "gen0-sparsity": 1.62258e+12, "gen0-raw-winner": [540603, 140, 863636, 707426], "gen0-norm-winner": [1.33875e-05, 0.870229, 0.00260657, 0.00568831], "gen0-winner-naw-d-score": 1.24039e+06, "gen0-winner-norm-d-score": 0.870252, "gen0-time": 12495, "gen1-front": [[540603, 140, 863636, 707426], [542611, 147, 856138, 721257], [540603, 140, 863636, 707426], [542201, 146, 856587, 720505], [542611, 147, 856138, 721257], [540603, 140, 863636, 707426], [540578, 140, 863710, 707457], [707200, 157, 1.33008e+06, 699450], [2.37737e+06, 26, 4.69583e+06, 2.10162e+06], [540603, 140, 863636, 707426], [2.37737e+06, 26, 4.69583e+06, 2.10162e+06], [542201, 146, 856587, 720505], [540603, 140, 863636, 707426], [540578, 140, 863710, 707457], [548225, 148, 853621, 736029]], "gen1-norm-front": [[1.33875e-05, 0.870229, 0.00260657, 0.00568831], [0.00110637, 0.923664, 0.000655092, 0.0155523], [1.33875e-05, 0.870229, 0.00260657, 0.00568831], [0.000883558, 0.916031, 0.000771952, 0.015016], [0.00110637, 0.923664, 0.000655092, 0.0155523], [1.33875e-05, 0.870229, 0.00260657, 0.00568831], [0, 0.870229, 0.00262583, 0.00571041], [0.0907133, 1, 0.124006, 0], [1, 0, 1, 1], [1.33875e-05, 0.870229, 0.00260657, 0.00568831], [1, 0, 1, 1], [0.000883558, 0.916031, 0.000771952, 0.015016], [1.33875e-05, 0.870229, 0.00260657, 0.00568831], [0, 0.870229, 0.00262583, 0.00571041], [0.00416312, 0.931298, 0, 0.0260873]], "gen1-raw-d-score": [1.24045e+06, 5.66741e+06, 1.25348e+06, 1.66086e+06, 1.24039e+06, 1.24372e+06, 1.24039e+06, 1.24403e+06, 1.24039e+06, 1.24403e+06, 1.24039e+06], "gen1-norm-d-score": [0.870252, 0.923796, 0.870252, 0.916154, 0.923796, 0.870252, 0.870252, 1.01173, 1.73205, 0.870252, 1.73205, 1.95942, 0.870252, 0.870252, 0.931672], "gen1-sparsity": 1.15899e+12, "gen1-raw-winner": [540603, 140, 863636, 707426], "gen1-norm-winner": [1.33875e-05, 0.870229, 0.00260657, 0.00568831], "gen1-winner-raw-d-score": 0, "gen1-winner-norm-d-score": 0.870252, "gen1-time": 12034, "gen2-front": [[540603