{"data": [{"source": 200128, "target": 37658, "gen0-front": [[966, 1.13237e+06, 1.04308e+06, 2.18906e+06], [1317, 687924, 905121, 1.04533e+06], [1575, 829639, 868224, 1.48612e+06], [1311, 687967, 905049, 1.04526e+06]], "gen0-norm-front": [[0, 1, 1, 1], [0.576355, 0, 0.211008, 6.29482e-05], [1, 0.318859, 0, 0.385438], [0.566502, 9.67501e-05, 0.210596, 0]], "gen0-raw-d-score": [2.67624e+06, 1.54441e+06, 1.91068e+06, 1.54434e+06], "gen0-norm-d-score": [1.73205, 0.613766, 1.11814, 0.60438], "gen0-sparsity": 2.73507e+11, "gen0-raw-winner": [1311, 687967, 905049, 1.04526e+06], "gen0-norm-winner": [0.566502, 9.67501e-05, 0.210596, 0], "gen0-winner-naw-d-score": 1.54434e+06, "gen0-winner-norm-d-score": 0.60438, "gen0-time": 3727, "gen1-front": [[1311, 687967, 905049, 1.04526e+06], [1317, 687924, 905121, 1.04533e+06], [1575, 829639, 868224, 1.48612e+06], [966, 1.13237e+06, 1.04308e+06, 2.18906e+06], [1311, 687967, 905049, 1.04526e+06], [966, 1.13237e+06, 1.04308e+06, 2.18906e+06]], "gen1-norm-front": [[0.566502, 9.67501e-05, 0.210596, 0], [0.576355, 0, 0.211008, 6.29482e-05], [1, 0.318859, 0, 0.385438], [0, 1, 1, 1], [0.566502, 9.67501e-05, 0.210596, 0], [0, 1, 1, 1]], "gen1-raw-d-score": [2.67624e+06, 1.54441e+06, 1.91068e+06, 1.54434e+06], "gen1-norm-d-score": [0.835141, 1.21589, 1.50008, 1.82234, 1.16845, 1.73205], "gen1-sparsity": 1.64104e+11, "gen1-raw-winner": [1311, 687967, 905049, 1.04526e+06], "gen1-norm-winner": [0.566502, 9.67501e-05, 0.210596, 0], "gen1-winner-raw-d-score": 0, "gen1-winner-norm-d-score": 0.835141, "gen1-time": 3203, "gen2-front": [[1311, 687967, 905049, 1.04526e+06], [1317, 687924, 905121, 1.04533e+06], [1575, 829639, 868224, 1.48612e+06], [966, 1.13237e+06, 1.04308e+06, 2.18906e+06], [1311, 687967, 905049, 1.04526e+06], [966, 1.13237e+06, 1.04308e+06, 2.18906e+06]], "gen2-norm-front": [[0.566502, 9.67501e-05, 0.210596, 0], [0.576355, 0, 0.211008, 6.29482e-05], [1, 0.318859, 0, 0.385438], [0, 1, 1, 1], [0.566502, 9.67501e-05, 0.210596, 0], [0, 1, 1, 1]], "gen2-raw-d-score": [2.67624e+06, 1.54441e+06, 1.91068e+06, 1.54434e+06], "gen2-norm-d-score": [0.835141, 1.21589, 1.50008, 1.82234, 1.16845, 1.73205], "gen2-sparsity": 1.64104e+11, "gen2-raw-winner": [1311, 687967, 905049, 1.04526e+06], "gen2-norm-winner": [0.566502, 9.67501e-05, 0.210596, 0], "gen2-winner-raw-d-score": 3.65341e-310, "gen2-winner-norm-d-score": 0.835141, "gen2-time": 4539, "gen3-front": [[1311, 687967, 905049, 1.04526e+06], [1317, 687924, 905121, 1.04533e+06], [1575, 829639, 868224, 1.48612e+06], [966, 1.13237e+06, 1.04308e+06, 2.18906e+06], [1311, 687967, 905049, 1.04526e+06], [966, 1.13237e+06, 1.04308e+06, 2.18906e+06]], "gen3-norm-front": [[0.566502, 9.67501e-05, 0.210596, 0], [0.576355, 0, 0.211008, 6.29482e-05], [1, 0.318859, 0, 0.385438], [0, 1, 1, 1], [0.566502, 9.67501e-05, 0.210596, 0], [0, 1, 1, 1]], "gen3-raw-d-score": [2.67624e+06, 1.54441e+06, 1.91068e+06, 1.54434e+06], "gen3-norm-d-score": [0.835141, 1.21589, 1.50008, 1.82234, 1.16845, 1.73205], "gen3-sparsity": 1.64104e+11, "gen3-raw-winner": [1311, 687967, 905049, 1.04526e+06], "gen3-norm-winner": [0.566502, 9.67501e-05, 0.210596, 0], "gen3-winner-raw-d-score": 4.0711e-321, "gen3-winner-norm-d-score": 0.835141, "gen3-time": 4641, "gen4-front": [[1311, 687967, 905049, 1.04526e+06], [1317, 687924, 905121, 1.04533e+06], [1575, 829639, 868224, 1.48612e+06], [966, 1.13237e+06, 1.04308e+06, 2.18906e+06], [1311, 687967, 905049, 1.04526e+06], [966, 1.13237e+06, 1.04308e+06, 2.18906e+06]], "gen4-norm-front": [[0.566502, 9.67501e-05, 0.210596, 0], [0.576355, 0, 0.211008, 6.29482e-05], [1, 0.318859, 0, 0.385438], [0, 1, 1, 1], [0.566502, 9.67501e-05, 0.210596, 0], [0, 1, 1, 1]], "gen4-raw-d-score": [2.67624e+06, 1.54441e+06, 1.91068e+06, 1.54434e+06], "gen4-norm-d-score": [0.835141, 1.21589, 1.50008, 1.82234, 1.16845, 1.73205], "gen4-sparsity": 1.64104e+11, "gen4-raw-winner": [1311, 687967, 905049, 1.04526e+06], "gen4-norm-winner": [0.566502, 9.67501e-05, 0.210596, 0], "gen4-winner-raw-d-score": 3.65341e-310, "gen4-winner-norm-d-score": 0.835141, "gen4-time": 4429, "gen5-front": [[1311, 687967, 905049, 1.04526e+06], [1317, 687924, 905121, 1.04533e+06], [1575, 829639, 868224, 1.48612e+06], [966, 1.13237e+06, 1.04308e+06, 2.18906e+06], [1311, 687967, 905049, 1.04526e+06], [966, 1.13237e+06, 1.04308e+06, 2.18906e+06]], "gen5-norm-front": [[0.566502, 9.67501e-05, 0.210596, 0], [0.576355, 0, 0.211008, 6.29482e-05], [1, 0.318859, 0, 0.385438], [0, 1, 1, 1], [0.566502, 9.67501e-05, 0.210596, 0], [0, 1, 1, 1]], "gen5-raw-d-score": [2.67624e+06, 1.54441e+06, 1.91068e+06, 1.54434e+06], "gen5-norm-d-score": [0.835141, 1.21589, 1.50008, 1.82234, 1.16845, 1.73205], "gen5-sparsity": 1.64104e+11, "gen5-raw-winner": [1311, 687967, 905049, 1.04526e+06], "gen5-norm-winner": [0.566502, 9.67501e-05, 0.210596, 0], "gen5-winner-raw-d-score": 3.70549e-321, "gen5-winner-norm-d-score": 0.835141, "gen5-time": 4851}, {"source": 75608, "target": 287676, "gen0-front": [[685, 2.85274e+06, 2.60199e+06, 5.58602e+06], [1221, 1.04278e+06, 1.20231e+06, 1.79355e+06], [1199, 1.12031e+06, 1.18015e+06, 2.00887e+06], [1524, 1.06916e+06, 1.42906e+06, 1.63859e+06]], "gen0-norm-front": [[0, 1, 1, 1], [0.638856, 0, 0.015584, 0.0392554], [0.612634, 0.0428362, 0, 0.0938035], [1, 0.0145754, 0.175064, 0]], "gen0-raw-d-score": [6.79059e+06, 2.39786e+06, 2.58523e+06, 2.42287e+06], "gen0-norm-d-score": [1.73205, 0.64025, 0.621252, 1.01531], "gen0-sparsity": 5.76623e+12, "gen0-raw-winner": [1199, 1.12031e+06, 1.18015e+06, 2.00887e+06], "gen0-norm-winner": [0.612634, 0.0428362, 0, 0.0938035], "gen0-winner-naw-d-score": 2.58523e+06, "gen0-winner-norm-d-score": 0.621252, "gen0-time": 5103, "gen1-front": [[1199, 1.12031e+06, 1.18015e+06, 2.00887e+06], [1221, 1.04278e+06, 1.20231e+06, 1.79355e+06], [1524, 1.06916e+06, 1.42906e+06, 1.63859e+06], [685, 2.85274e+06, 2.60199e+06, 5.58602e+06], [1194, 1.0434e+06, 1.19778e+06, 1.7896e+06], [685, 2.85274e+06, 2.60199e+06, 5.58602e+06]], "gen1-norm-front": [[0.612634, 0.0428362, 0, 0.0938035], [0.638856, 0, 0.015584, 0.0392554], [1, 0.0145754, 0.175064, 0], [0, 1, 1, 1], [0.606675, 0.0003431, 0.012398, 0.0382558], [0, 1, 1, 1]], "gen1-raw-d-score": [6.79059e+06, 2.39786e+06, 2.58523e+06, 2.42287e+06], "gen1-norm-d-score": [0.621252, 0.64025, 1.42508, 1.73205, 1.17033, 1.73205], "gen1-sparsity": 3.45946e+12, "gen1-raw-winner": [1199, 1.12031e+06, 1.18015e+06, 2.00887e+06], "gen1-norm-winner": [0.612634, 0.0428362, 0, 0.0938035], "gen1-winner-raw-d-score": 0, "gen1-winner-norm-d-score": 0.621252, "gen1-time": 4312, "gen2-front": [[1199, 1.12031e+06, 1.18015e+06, 2.00887e+06], [1221, 1.04278e+06, 1.20231e+06, 1.79355e+06], [1194, 1.0434e+06, 1.19778e+06, 1.7896e+06], [1524, 1.06916e+06, 1.42906e+06, 1.63859e+06], [685, 2.85274e+06, 2.60199e+06, 5.58602e+06], [1194, 1.0434e+06, 1.19778e+06, 1.7896e+06], [685, 2.85274e+06, 2.60199e+06, 5.58602e+06]], "gen2-norm-front": [[0.612634, 0.0428362, 0, 0.0938035], [0.638856, 0, 0.015584, 0.0392554], [0.606675, 0.0003431, 0.012398, 0.0382558], [1, 0.0145754, 0.175064, 0], [0, 1, 1, 1], [0.606675, 0.0003431, 0.012398, 0.0382558], [0, 1, 1, 1]], "gen2-raw-d-score": [6.79059e+06, 2.39786e+06, 2.58523e+06, 2.42287e+06], "gen2-norm-d-score": [0.891254, 0.882116, 1.18344, 1.74094, 1.83527, 1.53937, 1.73205], "gen2-sparsity": 2.88288e+12, "gen2-raw-winner": [1221, 1.04278e+06, 1.20231e+06, 1.79355e+06], "gen2-norm-winner": [0.638856, 0, 0.015584, 0.0392554], "gen2-winner-raw-d-score": 3.65339e-310, "gen2-winner-norm-d-score": 0.882116, "gen2-time": 6133, "gen3-front": [[1221, 1.04278e+06, 1.20231e+06, 1.79355e+06], [1199, 1.12031e+06, 1.18015e+06, 2.00887e+06], [1194, 1.0434e+06, 1.19778e+06, 1.7896e+06], [1524, 1.06916e+06, 1.42906e+06, 1.63859e+06], [685, 2.85274e+06, 2.60199e+06, 5.58602e+06], [1194, 1.0434e+06, 1.19778e+06, 1.7896e+06], [685, 2.85274e+06, 2.60199e+06, 5.58602e+06]], "gen3-norm-front": [[0.638856, 0, 0.015584, 0.0392554], [0.612634, 0.0428362, 0, 0.0938035], [0.606675, 0.0003431, 0.012398, 0.0382558], [1, 0.0145754, 0.175064, 0], [0, 1, 1, 1], [0.606675, 0.0003431, 0.012398, 0.0382558], [0, 1, 1, 1]], "gen3-raw-d-score": [6.79059e+06, 2.39786e+06, 2.58523e+06, 2.42287e+06], "gen3-norm-d-score": [0.887173, 0.868425, 1.18344, 1.74094, 1.83527, 1.53937, 1.73205], "gen3-sparsity": 2.88288e+12, "gen3-raw-winner": [1199, 1.12031e+06, 1.18015e+06, 2.00887e+06], "gen3-norm-winner": [0.612634, 0.0428362, 0, 0.0938035], "gen3-winner-raw-d-score": 4.19462e-321, "gen3-winner-norm-d-score": 0.868425, "gen3-time": 7173, "gen4-front": [[1199, 1.12031e+06, 1.18015e+06, 2.00887e+06], [1221, 1.04278e+06, 1.20231e+06, 1.79355e+06], [1194, 1.0434e+06, 1.19778e+06, 1.7896e+06], [1524, 1.06916e+06, 1.42906e+06, 1.63859e+06], [685, 2.85274e+06, 2.60199e+06, 5.58602e+06], [1194, 1.0434e+06, 1.19778e+06, 1.7896e+06], [685, 2.85274e+06, 2.60199e+06, 5.58602e+06]], "gen4-norm-front": [[0.612634, 0.0428362, 0, 0.0938035], [0.638856, 0, 0.015584, 0.0392554], [0.606675, 0.0003431, 0.012398, 0.0382558], [1, 0.0145754, 0.175064, 0], [0, 1, 1, 1], [0.606675, 0.0003431, 0.012398, 0.0382558], [0, 1, 1, 1]], "gen4-raw-d-score": [6.79059e+06, 2.39786e+06, 2.58523e+06, 2.42287e+06], "gen4-norm-d-score": [0.891254, 0.882116, 1.18344, 1.74094, 1.83527, 1.53937, 1.73205], "gen4-sparsity": 2.88288e+12, "gen4-raw-winner": [1221, 1.04278e+06, 1.20231e+06, 1.79355e+06], "gen4-norm-winner": [0.638856, 0, 0.015584, 0.0392554], "gen4-winner-raw-d-score": 3.65339e-310, "gen4-winner-norm-d-score": 0.882116, "gen4-time": 7557, "gen5-front": [[1221, 1.04278e+06, 1.20231e+06, 1.79355e+06], [1199, 1.12031e+06, 1.18015e+06, 2.00887e+06], [1194, 1.0434e+06, 1.19778e+06, 1.7896e+06], [1524, 1.06916e+06, 1.42906e+06, 1.63859e+06], [685, 2.85274e+06, 2.60199e+06, 5.58602e+06], [1194, 1.0434e+06, 1.19778e+06, 1.7896e+06], [685, 2.85274e+06, 2.60199e+06, 5.58602e+06]], "gen5-norm-front": [[0.638856, 0, 0.015584, 0.0392554], [0.612634, 0.0428362, 0, 0.0938035], [0.606675, 0.0003431, 0.012398, 0.0382558], [1, 0.0145754, 0.175064, 0], [0, 1, 1, 1], [0.606675, 0.0003431, 0.012398, 0.0382558], [0, 1, 1, 1]], "gen5-raw-d-score": [6.79059e+06, 2.39786e+06, 2.58523e+06, 2.42287e+06], "gen5-norm-d-score": [1.59352, 0.891254, 1.42171, 1.42508, 1.73205, 0.608006, 1.73205], "gen5-sparsity": 2.88288e+12, "gen5-raw-winner": [1194, 1.0434e+06, 1.19778e+06, 1.7896e+06], "gen5-norm-winner": [0.606675, 0.0003431, 0.012398, 0.0382558], "gen5-winner-raw-d-score": 3.17684e-321, "gen5-winner-norm-d-score": 0.608006, "gen5-time": 7364}, {"source": 270575, "target": 204881, "gen0-front": [[1167, 2.84419e+06, 2.58107e+06, 5.5863e+06], [1362, 639385, 884506, 958194], [1437, 712238, 849366, 1.1936e+06], [1350, 642668, 887134, 955186]], "gen0-norm-front": [[0, 1, 1, 1], [0.722222, 0, 0.0202921, 0.000649519], [1, 0.0330428, 0, 0.05148], [0.677778, 0.00148902, 0.0218097, 0]], "gen0-raw-d-score": [6.77924e+06, 1.45234e+06, 1.62892e+06, 1.45341e+06], "gen0-norm-d-score": [1.73205, 0.722508, 1.00187, 0.67813], "gen0-sparsity": 8.92402e+12, "gen0-raw-winner": [1350, 642668, 887134, 955186], "gen0-norm-winner": [0.677778, 0.00148902, 0.0218097, 0], "gen0-winner-naw-d-score": 1.45341e+06, "gen0-winner-norm-d-score": 0.67813, "gen0-time": 3403, "gen1-front": [[1350, 642668, 887134, 955186], [1362, 639385, 884506, 958194], [1437, 712238, 849366, 1.1936e+06], [1167, 2.84419e+06, 2.58107e+06, 5.5863e+06], [1356, 639428, 884434, 958122], [1167, 2.84419e+06, 2.58107e+06, 5.5863e+06]], "gen1-norm-front": [[0.677778, 0.00148902, 0.0218097, 0], [0.722222, 0, 0.0202921, 0.000649519], [1, 0.0330428, 0, 0.05148], [0, 1, 1, 1], [0.7, 1.95028e-05, 0.0202505, 0.000633972], [0, 1, 1, 1]], "gen1-raw-d-score": [6.77924e+06, 1.45234e+06, 1.62892e+06, 1.45341e+06], "gen1-norm-d-score": [0.990689, 1.23414, 1.41554, 1.86815, 1.22082, 1.73205], "gen1-sparsity": 5.35441e+12, "gen1-raw-winner": [1350, 642668, 887134, 955186], "gen1-norm-winner": [0.677778, 0.00148902, 0.0218097, 0], "gen1-winner-raw-d-score": 0, "gen1-winner-norm-d-score": 0.990689, "gen1-time": 2788, "gen2-front": [[1350, 642668, 887134, 955186], [1356, 639428, 884434, 958122], [1362, 639385, 884506, 958194], [1437, 712238, 849366, 1.1936e+06], [1167, 2.84419e+06, 2.58107e+06, 5.5863e+06], [1356, 639428, 884434, 958122], [1167, 2.84419e+06, 2.58107e+06, 5.5863e+06]], "gen2-norm-front": [[0.677778, 0.00148902, 0.0218097, 0], [0.7, 1.95028e-05, 0.0202505, 0.000633972], [0.722222, 0, 0.0202921, 0.000649519], [1, 0.0330428, 0, 0.05148], [0, 1, 1, 1], [0.7, 1.95028e-05, 0.0202505, 0.000633972], [0, 1, 1, 1]], "gen2-raw-d-score": [6.77924e+06, 1.45234e+06, 1.62892e+06, 1.45341e+06], "gen2-norm-d-score": [0.974818, 1.00619, 1.23414, 1.73313, 1.86826, 1.5781, 1.73205], "gen2-sparsity": 4.46201e+12, "gen2-raw-winner": [1350, 642668, 887134, 955186], "gen2-norm-winner": [0.677778, 0.00148902, 0.0218097, 0], "gen2-winner-raw-d-score": 3.65341e-310, "gen2-winner-norm-d-score": 0.974818, "gen2-time": 4712, "gen3-front": [[1350, 642668, 887134, 955186], [1356, 639428, 884434, 958122], [1362, 639385, 884506, 958194], [1356, 639428, 884434, 958122], [1437, 712238, 849366, 1.1936e+06], [1167, 2.84419e+06, 2.58107e+06, 5.5863e+06], [1356, 639428, 884434, 958122], [1167, 2.84419e+06, 2.58107e+06, 5.5863e+06]], "gen3-norm-front": [[0.677778, 0.00148902, 0.0218097, 0], [0.7, 1.95028e-05, 0.0202505, 0.000633972], [0.722222, 0, 0.0202921, 0.000649519], [0.7, 1.95028e-05, 0.0202505, 0.000633972], [1, 0.0330428, 0, 0.05148], [0, 1, 1, 1], [0.7, 1.95028e-05, 0.0202505, 0.000633972], [0, 1, 1, 1]], "gen3-raw-d-score": [6.77924e+06, 1.45234e+06, 1.62892e+06, 1.45341e+06], "gen3-norm-d-score": [0.974818, 1.00619, 1.00619, 1.22236, 2.00094, 1.86826, 1.86826, 1.73205], "gen3-sparsity": 3.82458e+12, "gen3-raw-winner": [1350, 642668, 887134, 955186], "gen3-norm-winner": [0.677778, 0.00148902, 0.0218097, 0], "gen3-winner-raw-d-score": 3.98711e-321, "gen3-winner-norm-d-score": 0.974818, "gen3-time": 6023, "gen4-front": [[1350, 642668, 887134, 955186], [1356, 639428, 884434, 958122], [1362, 639385, 884506, 958194], [1356, 639428, 884434, 958122], [1437, 712238, 849366, 1.1936e+06], [1167, 2.84419e+06, 2.58107e+06, 5.5863e+06], [1356, 639428, 884434, 958122], [1167, 2.84419e+06, 2.58107e+06, 5.5863e+06]], "gen4-norm-front": [[0.677778, 0.00148902, 0.0218097, 0], [0.7, 1.95028e-05, 0.0202505, 0.000633972], [0.722222, 0, 0.0202921, 0.000649519], [0.7, 1.95028e-05, 0.0202505, 0.000633972], [1, 0.0330428, 0, 0.05148], [0, 1, 1, 1], [0.7, 1.95028e-05, 0.0202505, 0.000633972], [0, 1, 1, 1]], "gen4-raw-d-score": [6.77924e+06, 1.45234e+06, 1.62892e+06, 1.45341e+06], "gen4-norm-d-score": [0.974818, 1.00619, 1.00619, 1.22236, 2.00094, 1.86826, 1.86826, 1.73205], "gen4-sparsity": 3.82458e+12, "gen4-raw-winner": [1350, 642668, 887134, 955186], "gen4-norm-winner": [0.677778, 0.00148902, 0.0218097, 0], "gen4-winner-raw-d-score": 3.65341e-310, "gen4-winner-norm-d-score": 0.974818, "gen4-time": 8401, "gen5-front": [[1350, 642668, 887134, 955186], [1356, 639428, 884434, 958122], [1362, 639385, 884506, 958194], [1356, 639428, 884434, 958122], [1437, 712238, 849366, 1.1936e+06], [1167, 2.84419e+06, 2.58107e+06, 5.5863e+06], [1356, 639428, 884434, 958122], [1167, 2.84419e+06, 2.58107e+06, 5.5863e+06]], "gen5-norm-front": [[0.677778, 0.00148902, 0.0218097, 0], [0.7, 1.95028e-05, 0.0202505, 0.000633972], [0.722222, 0, 0.0202921, 0.000649519], [0.7, 1.95028e-05, 0.0202505, 0.000633972], [1, 0.0330428, 0, 0.05148], [0, 1, 1, 1], [0.7, 1.95028e-05, 0.0202505, 0.000633972], [0, 1, 1, 1]], "gen5-raw-d-score": [6.77924e+06, 1.45234e+06, 1.62892e+06, 1.45341e+06], "gen5-norm-d-score": [0.974818, 1.00619, 1.00619, 1.22236, 2.00094, 1.86826, 1.86826, 1.73205], "gen5-sparsity": 3.82458e+12, "gen5-raw-winner": [1350, 642668, 887134, 955186], "gen5-norm-winner": [0.677778, 0.00148902, 0.0218097, 0], "gen5-winner-raw-d-score": 3.60668e-321, "gen5-winner-norm-d-score": 0.974818, "gen5-time": 8803}, {"source": 26936, "target": 192481, "gen0-front": [[840, 703274, 691545, 1.33173e+06], [999, 448126, 589699, 688738], [1014, 539788, 541676, 1.00062e+06], [999, 448126, 589699, 688738]], "gen0-norm-front": [[0, 1, 1, 1], [0.913793, 0, 0.320433, 0], [1, 0.35925, 0, 0.485038], [0.913793, 0, 0.320433, 0]], "gen0-raw-d-score": [1.65721e+06, 1.0114e+06, 1.25937e+06, 1.0114e+06], "gen0-norm-d-score": [1.73205, 0.968347, 1.16804, 0.968347], "gen0-sparsity": 8.49049e+10, "gen0-raw-winner": [999, 448126, 589699, 688738], "gen0-norm-winner": [0.913793, 0, 0.320433, 0], "gen0-winner-naw-d-score": 1.0114e+06, "gen0-winner-norm-d-score": 0.968347, "gen0-time": 4429, "gen1-front": [[999, 448126, 589699, 688738], [1014, 539788, 541676, 1.00062e+06], [840, 703274, 691545, 1.33173e+06], [999, 448126, 589699, 688738], [969, 452428, 568344, 722573], [840, 703274, 691545, 1.33173e+06]], "gen1-norm-front": [[0.913793, 0, 0.320433, 0], [1, 0.35925, 0, 0.485038], [0, 1, 1, 1], [0.913793, 0, 0.320433, 0], [0.741379, 0.0168608, 0.177942, 0.0526209], [0, 1, 1, 1]], "gen1-raw-d-score": [1.65721e+06, 1.0114e+06, 1.25937e+06, 1.0114e+06], "gen1-norm-d-score": [1.43762, 1.53764, 1.95832, 1.21968, 1.25871, 1.73205], "gen1-sparsity": 4.68018e+10, "gen1-raw-winner": [999, 448126, 589699, 688738], "gen1-norm-winner": [0.913793, 0, 0.320433, 0], "gen1-winner-raw-d-score": 0, "gen1-winner-norm-d-score": 1.21968, "gen1-time": 3338, "gen2-front": [[999, 448126, 589699, 688738], [969, 452428, 568344, 722573], [999, 448126, 589699, 688738], [1014, 539788, 541676, 1.00062e+06], [840, 703274, 691545, 1.33173e+06], [999, 448126, 589699, 688738], [969, 452428, 568344, 722573], [840, 703274, 691545, 1.33173e+06]], "gen2-norm-front": [[0.913793, 0, 0.320433, 0], [0.741379, 0.0168608, 0.177942, 0.0526209], [0.913793, 0, 0.320433, 0], [1, 0.35925, 0, 0.485038], [0, 1, 1, 1], [0.913793, 0, 0.320433, 0], [0.741379, 0.0168608, 0.177942, 0.0526209], [0, 1, 1, 1]], "gen2-raw-d-score": [1.65721e+06, 1.0114e+06, 1.25937e+06, 1.0114e+06], "gen2-norm-d-score": [1.23372, 1.23372, 1.51724, 2.0891, 1.98436, 1.23372, 1.89324, 1.73205], "gen2-sparsity": 3.34299e+10, "gen2-raw-winner": [999, 448126, 589699, 688738], "gen2-norm-winner": [0.913793, 0, 0.320433, 0], "gen2-winner-raw-d-score": 3.65341e-310, "gen2-winner-norm-d-score": 1.23372, "gen2-time": 5344, "gen3-front": [[999, 448126, 589699, 688738], [969, 452428, 568344, 722573], [999, 448126, 589699, 688738], [969, 452428, 568344, 722573], [1014, 539788, 541676, 1.00062e+06], [840, 703274, 691545, 1.33173e+06], [999, 448126, 589699, 688738], [969, 452428, 568344, 722573], [840, 703274, 691545, 1.33173e+06]], "gen3-norm-front": [[0.913793, 0, 0.320433, 0], [0.741379, 0.0168608, 0.177942, 0.0526209], [0.913793, 0, 0.320433, 0], [0.741379, 0.0168608, 0.177942, 0.0526209], [1, 0.35925, 0, 0.485038], [0, 1, 1, 1], [0.913793, 0, 0.320433, 0], [0.741379, 0.0168608, 0.177942, 0.0526209], [0, 1, 1, 1]], "gen3-raw-d-score": [1.65721e+06, 1.0114e+06, 1.25937e+06, 1.0114e+06], "gen3-norm-d-score": [1.53528, 1.43934, 1.5881, 1.39595, 2.28021, 2.11833, 1.23372, 1.89324, 1.73205], "gen3-sparsity": 2.92511e+10, "gen3-raw-winner": [999, 448126, 589699, 688738], "gen3-norm-winner": [0.913793, 0, 0.320433, 0], "gen3-winner-raw-d-score": 3.60174e-321, "gen3-winner-norm-d-score": 1.23372, "gen3-time": 6456, "gen4-front": [[999, 448126, 589699, 688738], [969, 452428, 568344, 722573], [999, 448126, 589699, 688738], [969, 452428, 568344, 722573], [1014, 539788, 541676, 1.00062e+06], [840, 703274, 691545, 1.33173e+06], [999, 448126, 589699, 688738], [969, 452428, 568344, 722573], [840, 703274, 691545, 1.33173e+06]], "gen4-norm-front": [[0.913793, 0, 0.320433, 0], [0.741379, 0.0168608, 0.177942, 0.0526209], [0.913793, 0, 0.320433, 0], [0.741379, 0.0168608, 0.177942, 0.0526209], [1, 0.35925, 0, 0.485038], [0, 1, 1, 1], [0.913793, 0, 0.320433, 0], [0.741379, 0.0168608, 0.177942, 0.0526209], [0, 1, 1, 1]], "gen4-raw-d-score": [1.65721e+06, 1.0114e+06, 1.25937e+06, 1.0114e+06], "gen4-norm-d-score": [1.53528, 1.43934, 1.5881, 1.39595, 2.28021, 2.11833, 1.23372, 1.89324, 1.73205], "gen4-sparsity": 2.92511e+10, "gen4-raw-winner": [999, 448126, 589699, 688738], "gen4-norm-winner": [0.913793, 0, 0.320433, 0], "gen4-winner-raw-d-score": 3.65341e-310, "gen4-winner-norm-d-score": 1.23372, "gen4-time": 7223, "gen5-front": [[999, 448126, 589699, 688738], [969, 452428, 568344, 722573], [999, 448126, 589699, 688738], [969, 452428, 568344, 722573], [1014, 539788, 541676, 1.00062e+06], [840, 703274, 691545, 1.33173e+06], [999, 448126, 589699, 688738], [969, 452428, 568344, 722573], [840, 703274, 691545, 1.33173e+06]], "gen5-norm-front": [[0.913793, 0, 0.320433, 0], [0.741379, 0.0168608, 0.177942, 0.0526209], [0.913793, 0, 0.320433, 0], [0.741379, 0.0168608, 0.177942, 0.0526209], [1, 0.35925, 0, 0.485038], [0, 1, 1, 1], [0.913793, 0, 0.320433, 0], [0.741379, 0.0168608, 0.177942, 0.0526209], [0, 1, 1, 1]], "gen5-raw-d-score": [1.65721e+06, 1.0114e+06, 1.25937e+06, 1.0114e+06], "gen5-norm-d-score": [1.53528, 1.43934, 1.5881, 1.39595, 2.28021, 2.11833, 1.23372, 1.89324, 1.73205], "gen5-sparsity": 2.92511e+10, "gen5-raw-winner": [999, 448126, 589699, 688738], "gen5-norm-winner": [0.913793, 0, 0.320433, 0], "gen5-winner-raw-d-score": 2.68772e-321, "gen5-winner-norm-d-score": 1.23372, "gen5-time": 7325}, {"source": 222062, "target": 292478, "gen0-front": [[1003, 4.85629e+06, 4.33874e+06, 9.43368e+06], [2094, 1.35974e+06, 1.70976e+06, 2.19145e+06], [2595, 1.63889e+06, 1.65735e+06, 3.01195e+06], [2376, 1.37381e+06, 1.81044e+06, 2.12805e+06]], "gen0-norm-front": [[0, 1, 1, 1], [0.685302, 0, 0.0195473, 0.00867851], [1, 0.0798361, 0, 0.12099], [0.862437, 0.00402311, 0.0570958, 0]], "gen0-raw-d-score": [1.14631e+07, 3.09429e+06, 3.8085e+06, 3.11346e+06], "gen0-norm-d-score": [1.73205, 0.685635, 1.01045, 0.864334], "gen0-sparsity": 1.9581e+13, "gen0-raw-winner": [2094, 1.35974e+06, 1.70976e+06, 2.19145e+06], "gen0-norm-winner": [0.685302, 0, 0.0195473, 0.00867851], "gen0-winner-naw-d-score": 3.09429e+06, "gen0-winner-norm-d-score": 0.685635, "gen0-time": 7306, "gen1-front": [[2094, 1.35974e+06, 1.70976e+06, 2.19145e+06], [2376, 1.37381e+06, 1.81044e+06, 2.12805e+06], [2595, 1.63889e+06, 1.65735e+06, 3.01195e+06], [1003, 4.85629e+06, 4.33874e+06, 9.43368e+06], [2094, 1.35974e+06, 1.70976e+06, 2.19145e+06], [1003, 4.85629e+06, 4.33874e+06, 9.43368e+06]], "gen1-norm-front": [[0.685302, 0, 0.0195473, 0.00867851], [0.862437, 0.00402311, 0.0570958, 0], [1, 0.0798361, 0, 0.12099], [0, 1, 1, 1], [0.685302, 0, 0.0195473, 0.00867851], [0, 1, 1, 1]], "gen1-raw-d-score": [1.14631e+07, 3.09429e+06, 3.8085e+06, 3.11346e+06], "gen1-norm-d-score": [1.10178, 1.32418, 1.42162, 1.8627, 1.21247, 1.73205], "gen1-sparsity": 1.17486e+13, "gen1-raw-winner": [2094, 1.35974e+06, 1.70976e+06, 2.19145e+06], "gen1-norm-winner": [0.685302, 0, 0.0195473, 0.00867851], "gen1-winner-raw-d-score": 0, "gen1-winner-norm-d-score": 1.10178, "gen1-time": 6066, "gen2-front": [[2094, 1.35974e+06, 1.70976e+06, 2.19145e+06], [2376, 1.37381e+06, 1.81044e+06, 2.12805e+06], [2595, 1.63889e+06, 1.65735e+06, 3.01195e+06], [1003, 4.85629e+06, 4.33874e+06, 9.43368e+06], [2094, 1.35974e+06, 1.70976e+06, 2.19145e+06], [1003, 4.85629e+06, 4.33874e+06, 9.43368e+06]], "gen2-norm-front": [[0.685302, 0, 0.0195473, 0.00867851], [0.862437, 0.00402311, 0.0570958, 0], [1, 0.0798361, 0, 0.12099], [0, 1, 1, 1], [0.685302, 0, 0.0195473, 0.00867851], [0, 1, 1, 1]], "gen2-raw-d-score": [1.14631e+07, 3.09429e+06, 3.8085e+06, 3.11346e+06], "gen2-norm-d-score": [1.10178, 1.32418, 1.42162, 1.8627, 1.21247, 1.73205], "gen2-sparsity": 1.17486e+13, "gen2-raw-winner": [2094, 1.35974e+06, 1.70976e+06, 2.19145e+06], "gen2-norm-winner": [0.685302, 0, 0.0195473, 0.00867851], "gen2-winner-raw-d-score": 3.65341e-310, "gen2-winner-norm-d-score": 1.10178, "gen2-time": 9212, "gen3-front": [[2094, 1.35974e+06, 1.70976e+06, 2.19145e+06], [2376, 1.37381e+06, 1.81044e+06, 2.12805e+06], [2595, 1.63889e+06, 1.65735e+06, 3.01195e+06], [1003, 4.85629e+06, 4.33874e+06, 9.43368e+06], [2094, 1.35974e+06, 1.70976e+06, 2.19145e+06], [1003, 4.85629e+06, 4.33874e+06, 9.43368e+06]], "gen3-norm-front": [[0.685302, 0, 0.0195473, 0.00867851], [0.862437, 0.00402311, 0.0570958, 0], [1, 0.0798361, 0, 0.12099], [0, 1, 1, 1], [0.685302, 0, 0.0195473, 0.00867851], [0, 1, 1, 1]], "gen3-raw-d-score": [1.14631e+07, 3.09429e+06, 3.8085e+06, 3.11346e+06], "gen3-norm-d-score": [1.10178, 1.32418, 1.42162, 1.8627, 1.21247, 1.73205], "gen3-sparsity": 1.17486e+13, "gen3-raw-winner": [2094, 1.35974e+06, 1.70976e+06, 2.19145e+06], "gen3-norm-winner": [0.685302, 0, 0.0195473, 0.00867851], "gen3-winner-raw-d-score": 2.69266e-321, "gen3-winner-norm-d-score": 1.10178, "gen3-time": 9322, "gen4-front": [[2094, 1.35974e+06, 1.70976e+06, 2.19145e+06], [2376, 1.37381e+06, 1.81044e+06, 2.12805e+06], [2595, 1.63889e+06, 1.65735e+06, 3.01195e+06], [1003, 4.85629e+06, 4.33874e+06, 9.43368e+06], [2094, 1.35974e+06, 1.70976e+06, 2.19145e+06], [1003, 4.85629e+06, 4.33874e+06, 9.43368e+06]], "gen4-norm-front": [[0.685302, 0, 0.0195473, 0.00867851], [0.862437, 0.00402311, 0.0570958, 0], [1, 0.0798361, 0, 0.12099], [0, 1, 1, 1], [0.685302, 0, 0.0195473, 0.00867851], [0, 1, 1, 1]], "gen4-raw-d-score": [1.14631e+07, 3.09429e+06, 3.8085e+06, 3.11346e+06], "gen4-norm-d-score": [1.10178, 1.32418, 1.42162, 1.8627, 1.21247, 1.73205], "gen4-sparsity": 1.17486e+13, "gen4-raw-winner": [2094, 1.35974e+06, 1.70976e+06, 2.19145e+06], "gen4-norm-winner": [0.685302, 0, 0.0195473, 0.00867851], "gen4-winner-raw-d-score": 3.65341e-310, "gen4-winner-norm-d-score": 1.10178, "gen4-time": 8925, "gen5-front": [[2094, 1.35974e+06, 1.70976e+06, 2.19145e+06], [2376, 1.37381e+06, 1.81044e+06, 2.12805e+06], [2595, 1.63889e+06, 1.65735e+06, 3.01195e+06], [1003, 4.85629e+06, 4.33874e+06, 9.43368e+06], [2094, 1.35974e+06, 1.70976e+06, 2.19145e+06], [1003, 4.85629e+06, 4.33874e+06, 9.43368e+06]], "gen5-norm-front": [[0.685302, 0, 0.0195473, 0.00867851], [0.862437, 0.00402311, 0.0570958, 0], [1, 0.0798361, 0, 0.12099], [0, 1, 1, 1], [0.685302, 0, 0.0195473, 0.00867851], [0, 1, 1, 1]], "gen5-raw-d-score": [1.14631e+07, 3.09429e+06, 3.8085e+06, 3.11346e+06], "gen5-norm-d-score": [1.10178, 1.32418, 1.42162, 1.8627, 1.21247, 1.73205], "gen5-sparsity": 1.17486e+13, "gen5-raw-winner": [2094, 1.35974e+06, 1.70976e+06, 2.19145e+06], "gen5-norm-winner": [0.685302, 0, 0.0195473, 0.00867851], "gen5-winner-raw-d-score": 2.87052e-321, "gen5-winner-norm-d-score": 1.10178, "gen5-time": 9079}, {"source": 228035, "target": 64799, "gen0-front": [[873, 774693, 815472, 1.40569e+06], [1011, 572795, 778401, 833194], [1086, 679826, 728483, 1.20369e+06], [1077, 575256, 788969, 826929]], "gen0-norm-front": [[0, 1, 1, 1], [0.647887, 0, 0.573843, 0.0108248], [1, 0.530124, 0, 0.650971], [0.957746, 0.0121893, 0.695329, 0]], "gen0-raw-d-score": [1.80031e+06, 1.27602e+06, 1.5626e+06, 1.27953e+06], "gen0-norm-d-score": [1.73205, 0.865546, 1.30568, 1.1836], "gen0-sparsity": 6.71194e+10, "gen0-raw-winner": [1011, 572795, 778401, 833194], "gen0-norm-winner": [0.647887, 0, 0.573843, 0.0108248], "gen0-winner-naw-d-score": 1.27602e+06, "gen0-winner-norm-d-score": 0.865546, "gen0-time": 3594, "gen1-front": [[1011, 572795, 778401, 833194], [1077, 575256, 788969, 826929], [1086, 679826, 728483, 1.20369e+06], [873, 774693, 815472, 1.40569e+06], [1011, 573146, 778150, 832567], [1077, 575256, 788969, 826929], [984, 576332, 765995, 859734], [873, 774693, 815472, 1.40569e+06]], "gen1-norm-front": [[0.647887, 0, 0.573843, 0.0108248], [0.957746, 0.0121893, 0.695329, 0], [1, 0.530124, 0, 0.650971], [0, 1, 1, 1], [0.647887, 0.0017385, 0.570957, 0.00974143], [0.957746, 0.0121893, 0.695329, 0], [0.521127, 0.0175187, 0.431227, 0.056681], [0, 1, 1, 1]], "gen1-raw-d-score": [1.80031e+06, 1.27602e+06, 1.5626e+06, 1.27953e+06], "gen1-norm-d-score": [1.46632, 1.7623, 2.16905, 1.93542, 1.46518, 1.36454, 1.86039, 1.73205], "gen1-sparsity": 2.59904e+10, "gen1-raw-winner": [1077, 575256, 788969, 826929], "gen1-norm-winner": [0.957746, 0.0121893, 0.695329, 0], "gen1-winner-raw-d-score": 0, "gen1-winner-norm-d-score": 1.36454, "gen1-time": 3076, "gen2-front": [[1077, 575256, 788969, 826929], [1011, 573146, 778150, 832567], [1011, 572795, 778401, 833194], [1077, 575256, 788969, 826929], [984, 576332, 765995, 859734], [1086, 679826, 728483, 1.20369e+06], [873, 774693, 815472, 1.40569e+06], [1077, 575256, 788969, 826929], [1011, 573146, 778150, 832567], [1077, 575256, 788969, 826929], [1011, 573146, 778150, 832567], [984, 576332, 765995, 859734], [873, 774693, 815472, 1.40569e+06]], "gen2-norm-front": [[0.957746, 0.0121893, 0.695329, 0], [0.647887, 0.0017385, 0.570957, 0.00974143], [0.647887, 0, 0.573843, 0.0108248], [0.957746, 0.0121893, 0.695329, 0], [0.521127, 0.0175187, 0.431227, 0.056681], [1, 0.530124, 0, 0.650971], [0, 1, 1, 1], [0.957746, 0.0121893, 0.695329, 0], [0.647887, 0.0017385, 0.570957, 0.00974143], [0.957746, 0.0121893, 0.695329, 0], [0.647887, 0.0017385, 0.570957, 0.00974143], [0.521127, 0.0175187, 0.431227, 0.056681], [0, 1, 1, 1]], "gen2-raw-d-score": [1.80031e+06, 1.27602e+06, 1.5626e+06, 1.27953e+06], "gen2-norm-d-score": [1.95274, 1.77975, 1.9003, 1.88859, 2.4664, 2.5545, 2.46253, 1.99184, 1.77881, 1.61487, 2.05107, 1.86039, 1.73205], "gen2-sparsity": 1.51611e+10, "gen2-raw-winner": [1077, 575256, 788969, 826929], "gen2-norm-winner": [0.957746, 0.0121893, 0.695329, 0], "gen2-winner-raw-d-score": 3.65341e-310, "gen2-winner-norm-d-score": 1.61487, "gen2-time": 6409, "gen3-front": [[1077, 575256, 788969, 826929], [1011, 573146, 778150, 832567], [984, 576332, 765995, 859734], [1077, 575256, 788969, 826929], [1011, 572795, 778401, 833194], [1077, 575256, 788969, 826929], [1011, 573146, 778150, 832567], [984, 576332, 765995, 859734], [1086, 679826, 728483, 1.20369e+06], [873, 774693, 815472, 1.40569e+06], [1077, 575256, 788969, 826929], [1011, 573146, 778150, 832567], [1077, 575256, 788969, 826929], [1011, 573146, 778150, 832567], [1077, 575256, 788969, 826929], [1011, 573146, 778150, 832567], [984, 576332, 765995, 859734], [873, 774693, 815472, 1.40569e+06]], "gen3-norm-front": [[0.957746, 0.0121893, 0.695329, 0], [0.647887, 0.0017385, 0.570957, 0.00974143], [0.521127, 0.0175187, 0.431227, 0.056681], [0.957746, 0.0121893, 0.695329, 0], [0.647887, 0, 0.573843, 0.0108248], [0.957746, 0.0121893, 0.695329, 0], [0.647887, 0.0017385, 0.570957, 0.00974143], [0.521127, 0.0175187, 0.431227, 0.056681], [1, 0.530124, 0, 0.650971], [0, 1, 1, 1], [0.957746, 0.0121893, 0.695329, 0], [0.647887, 0.0017385, 0.570957, 0.00974143], [0.957746, 0.0121893, 0.695329, 0], [0.647887, 0.0017385, 0.570957, 0.00974143], [0.957746, 0.0121893, 0.695329, 0], [0.647887, 0.0017385, 0.570957, 0.00974143], [0.521127, 0.0175187, 0.431227, 0.056681], [0, 1, 1, 1]], "gen3-raw-d-score": [1.80031e+06, 1.27602e+06, 1.5626e+06, 1.27953e+06], "gen3-norm-d-score": [2.10439, 2.06746, 2.10518, 2.13746, 2.1536, 2.30491, 2.61326, 2.6432, 2.78729, 2.63959, 2.28275, 2.17101, 2.13668, 2.08654, 2.36808, 2.05107, 1.86039, 1.73205], "gen3-sparsity": 1.07019e+10, "gen3-raw-winner": [984, 576332, 765995, 859734], "gen3-norm-winner": [0.521127, 0.0175187, 0.431227, 0.056681], "gen3-winner-raw-d-score": 2.70748e-321, "gen3-winner-norm-d-score": 1.86039, "gen3-time": 9675, "gen4-front": [[984, 576332, 765995, 859734], [1011, 573146, 778150, 832567], [1077, 575256, 788969, 826929], [984, 576332, 765995, 859734], [1077, 575256, 788969, 826929], [1011, 572795, 778401, 833194], [1011, 573146, 778150, 832567], [1077, 575256, 788969, 826929], [1011, 573146, 778150, 832567], [984, 576332, 765995, 859734], [1011, 573146, 778150, 832567], [1077, 575256, 788969, 826929], [1011, 573146, 778150, 832567], [1077, 575256, 788969, 826929], [1011, 573146, 778150, 832567], [1077, 575256, 788969, 826929], [1011, 573146, 778150, 832567]], "gen4-norm-front": [[0, 1, 0, 1], [0.290323, 0.0992366, 0.529076, 0.171864], [1, 0.695787, 1, 0], [0, 1, 0, 1], [1, 0.695787, 1, 0], [0.290323, 0, 0.540002, 0.190977], [0.290323, 0.0992366, 0.529076, 0.171864], [1, 0.695787, 1, 0], [0.290323, 0.0992366, 0.529076, 0.171864], [0, 1, 0, 1], [0.290323, 0.0992366, 0.529076, 0.171864], [1, 0.695787, 1, 0], [0.290323, 0.0992366, 0.529076, 0.171864], [1, 0.695787, 1, 0], [0.290323, 0.0992366, 0.529076, 0.171864], [1, 0.695787, 1, 0], [0.290323, 0.0992366, 0.529076, 0.171864]], "gen4-raw-d-score": [1.80031e+06, 1.27602e+06, 1.5626e+06, 1.27953e+06], "gen4-norm-d-score": [2.80851, 2.73059, 2.73219, 2.51, 2.4225, 1.92449, 2.31853, 2.50825, 2.31853, 2.50825, 2.42068, 2.60297, 2.42068, 2.40321, 1.8142, 1.69933, 0.635291], "gen4-sparsity": 6.26112e+07, "gen4-raw-winner": [1011, 573146, 778150, 832567], "gen4-norm-winner": [0.290323, 0.0992366, 0.529076, 0.171864], "gen4-winner-raw-d-score": 3.65341e-310, "gen4-winner-norm-d-score": 0.635291, "gen4-time": 11367, "gen5-front": [[1011, 573146, 778150, 832567], [1011, 572795, 778401, 833194], [1011, 573146, 778150, 832567], [1077, 575256, 788969, 826929], [984, 576332, 765995, 859734], [1077, 575256, 788969, 826929], [1011, 573146, 778150, 832567], [1077, 575256, 788969, 826929], [1086, 679826, 728483, 1.20369e+06], [1077, 575256, 788969, 826929]], "gen5-norm-front": [[0.264706, 0.00327942, 0.821132, 0.0149645], [0.264706, 0, 0.825282, 0.0166287], [0.264706, 0.00327942, 0.821132, 0.0149645], [0.911765, 0.0229933, 1, 0], [0, 0.0330465, 0.620177, 0.0870716], [0.911765, 0.0229933, 1, 0], [0.264706, 0.00327942, 0.821132, 0.0149645], [0.911765, 0.0229933, 1, 0], [1, 1, 0, 1], [0.911765, 0.0229933, 1, 0]], "gen5-raw-d-score": [1.80031e+06, 1.27602e+06, 1.5626e+06, 1.27953e+06], "gen5-norm-d-score": [1.25143, 1.52573, 1.60546, 1.74842, 1.515, 1.84614, 2.13925, 2.37985, 2.19815, 1.35346], "gen5-sparsity": 1.46027e+10, "gen5-raw-winner": [1011, 573146, 778150, 832567], "gen5-norm-winner": [0.264706, 0.00327942, 0.821132, 0.0149645], "gen5-winner-raw-d-score": 4.34778e-322, "gen5-winner-norm-d-score": 1.25143, "gen5-time": 10734}, {"source": 296618, "target": 171587, "gen0-front": [[639, 2.7551e+06, 2.58698e+06, 5.36722e+06], [1527, 1.34035e+06, 1.55546e+06, 2.31367e+06], [1509, 1.4119e+06, 1.51149e+06, 2.58972e+06], [2364, 1.37207e+06, 1.91334e+06, 2.00627e+06]], "gen0-norm-front": [[0, 1, 1, 1], [0.514783, 0, 0.0408826, 0.0914616], [0.504348, 0.0505724, 0, 0.173596], [1, 0.0224231, 0.373644, 0]], "gen0-raw-d-score": [6.56431e+06, 3.09339e+06, 3.31432e+06, 3.09332e+06], "gen0-norm-d-score": [1.73205, 0.52444, 0.53578, 1.06776], "gen0-sparsity": 3.42527e+12, "gen0-raw-winner": [1527, 1.34035e+06, 1.55546e+06, 2.31367e+06], "gen0-norm-winner": [0.514783, 0, 0.0408826, 0.0914616], "gen0-winner-naw-d-score": 3.09339e+06, "gen0-winner-norm-d-score": 0.52444, "gen0-time": 7281, "gen1-front": [[1527, 1.34035e+06, 1.55546e+06, 2.31367e+06], [1509, 1.4119e+06, 1.51149e+06, 2.58972e+06], [2364, 1.37207e+06, 1.91334e+06, 2.00627e+06], [639, 2.7551e+06, 2.58698e+06, 5.36722e+06], [1488, 1.34139e+06, 1.5498e+06, 2.31166e+06], [2313, 1.36899e+06, 1.90994e+06, 2.00694e+06], [639, 2.7551e+06, 2.58698e+06, 5.36722e+06]], "gen1-norm-front": [[0.514783, 0, 0.0408826, 0.0914616], [0.504348, 0.0505724, 0, 0.173596], [1, 0.0224231, 0.373644, 0], [0, 1, 1, 1], [0.492174, 0.000734408, 0.0356162, 0.0908627], [0.970435, 0.0202446, 0.370482, 0.000199051], [0, 1, 1, 1]], "gen1-raw-d-score": [6.56431e+06, 3.09339e+06, 3.31432e+06, 3.09332e+06], "gen1-norm-d-score": [0.729357, 1.19464, 1.77204, 1.80097, 1.15376, 1.75483, 1.73205], "gen1-sparsity": 1.71185e+12, "gen1-raw-winner": [1527, 1.34035e+06, 1.55546e+06, 2.31367e+06], "gen1-norm-winner": [0.514783, 0, 0.0408826, 0.0914616], "gen1-winner-raw-d-score": 0, "gen1-winner-norm-d-score": 0.729357, "gen1-time": 6516, "gen2-front": [[1527, 1.34035e+06, 1.55546e+06, 2.31367e+06], [1488, 1.34139e+06, 1.5498e+06, 2.31166e+06], [1509, 1.4119e+06, 1.51149e+06, 2.58972e+06], [2313, 1.36899e+06, 1.90994e+06, 2.00694e+06], [2364, 1.37207e+06, 1.91334e+06, 2.00627e+06], [639, 2.7551e+06, 2.58698e+06, 5.36722e+06], [1488, 1.34139e+06, 1.5498e+06, 2.31166e+06], [2313, 1.36899e+06, 1.90994e+06, 2.00694e+06], [639, 2.7551e+06, 2.58698e+06, 5.36722e+06]], "gen2-norm-front": [[0.514783, 0, 0.0408826, 0.0914616], [0.492174, 0.000734408, 0.0356162, 0.0908627], [0.504348, 0.0505724, 0, 0.173596], [0.970435, 0.0202446, 0.370482, 0.000199051], [1, 0.0224231, 0.373644, 0], [0, 1, 1, 1], [0.492174, 0.000734408, 0.0356162, 0.0908627], [0.970435, 0.0202446, 0.370482, 0.000199051], [0, 1, 1, 1]], "gen2-raw-d-score": [6.56431e+06, 3.09339e+06, 3.31432e+06, 3.09332e+06], "gen2-norm-d-score": [0.883835, 1.21678, 1.53833, 1.48981, 2.09341, 2.0478, 1.15376, 2.01976, 1.73205], "gen2-sparsity": 1.28389e+12, "gen2-raw-winner": [1527, 1.34035e+06, 1.55546e+06, 2.31367e+06], "gen2-norm-winner": [0.514783, 0, 0.0408826, 0.0914616], "gen2-winner-raw-d-score": 3.65339e-310, "gen2-winner-norm-d-score": 0.883835, "gen2-time": 11578, "gen3-front": [[1527, 1.34035e+06, 1.55546e+06, 2.31367e+06], [1488, 1.34139e+06, 1.5498e+06, 2.31166e+06], [2313, 1.36899e+06, 1.90994e+06, 2.00694e+06], [1509, 1.4119e+06, 1.51149e+06, 2.58972e+06], [2313, 1.36899e+06, 1.90994e+06, 2.00694e+06], [2364, 1.37207e+06, 1.91334e+06, 2.00627e+06], [639, 2.7551e+06, 2.58698e+06, 5.36722e+06], [1488, 1.34139e+06, 1.5498e+06, 2.31166e+06], [2313, 1.36899e+06, 1.90994e+06, 2.00694e+06], [1488, 1.34139e+06, 1.5498e+06, 2.31166e+06], [2313, 1.36899e+06, 1.90994e+06, 2.00694e+06], [639, 2.7551e+06, 2.58698e+06, 5.36722e+06]], "gen3-norm-front": [[0.514783, 0, 0.0408826, 0.0914616], [0.492174, 0.000734408, 0.0356162, 0.0908627], [0.970435, 0.0202446, 0.370482, 0.000199051], [0.504348, 0.0505724, 0, 0.173596], [0.970435, 0.0202446, 0.370482, 0.000199051], [1, 0.0224231, 0.373644, 0], [0, 1, 1, 1], [0.492174, 0.000734408, 0.0356162, 0.0908627], [0.970435, 0.0202446, 0.370482, 0.000199051], [0.492174, 0.000734408, 0.0356162, 0.0908627], [0.970435, 0.0202446, 0.370482, 0.000199051], [0, 1, 1, 1]], "gen3-raw-d-score": [6.56431e+06, 3.09339e+06, 3.31432e+06, 3.09332e+06], "gen3-norm-d-score": [1.26736, 1.2721, 1.56393, 1.58322, 2.28463, 2.09568, 2.08115, 1.25815, 1.5526, 2.08115, 2.01976, 1.73205], "gen3-sparsity": 9.33735e+11, "gen3-raw-winner": [1488, 1.34139e+06, 1.5498e+06, 2.31166e+06], "gen3-norm-winner": [0.492174, 0.000734408, 0.0356162, 0.0908627], "gen3-winner-raw-d-score": 2.52468e-321, "gen3-winner-norm-d-score": 1.25815, "gen3-time": 14664, "gen4-front": [[1488, 1.34139e+06, 1.5498e+06, 2.31166e+06], [1527, 1.34035e+06, 1.55546e+06, 2.31367e+06], [1488, 1.34139e+06, 1.5498e+06, 2.31166e+06], [2313, 1.36899e+06, 1.90994e+06, 2.00694e+06], [1509, 1.4119e+06, 1.51149e+06, 2.58972e+06], [2313, 1.36899e+06, 1.90994e+06, 2.00694e+06], [1488, 1.34139e+06, 1.5498e+06, 2.31166e+06], [2313, 1.36899e+06, 1.90994e+06, 2.00694e+06], [2364, 1.37207e+06, 1.91334e+06, 2.00627e+06], [639, 2.7551e+06, 2.58698e+06, 5.36722e+06], [1488, 1.34139e+06, 1.5498e+06, 2.31166e+06], [2313, 1.36899e+06, 1.90994e+06, 2.00694e+06], [1488, 1.34139e+06, 1.5498e+06, 2.31166e+06], [2313, 1.36899e+06, 1.90994e+06, 2.00694e+06], [1488, 1.34139e+06, 1.5498e+06, 2.31166e+06], [2313, 1.36899e+06, 1.90994e+06, 2.00694e+06], [639, 2.7551e+06, 2.58698e+06, 5.36722e+06]], "gen4-norm-front": [[0.492174, 0.000734408, 0.0356162, 0.0908627], [0.514783, 0, 0.0408826, 0.0914616], [0.492174, 0.000734408, 0.0356162, 0.0908627], [0.970435, 0.0202446, 0.370482, 0.000199051], [0.504348, 0.0505724, 0, 0.173596], [0.970435, 0.0202446, 0.370482, 0.000199051], [0.492174, 0.000734408, 0.0356162, 0.0908627], [0.970435, 0.0202446, 0.370482, 0.000199051], [1, 0.0224231, 0.373644, 0], [0, 1, 1, 1], [0.492174, 0.000734408, 0.0356162, 0.0908627], [0.970435, 0.0202446, 0.370482, 0.000199051], [0.492174, 0.000734408, 0.0356162, 0.0908627], [0.970435, 0.0202446, 0.370482, 0.000199051], [0.492174, 0.000734408, 0.0356162, 0.0908627], [0.970435, 0.0202446, 0.370482, 0.000199051], [0, 1, 1, 1]], "gen4-raw-d-score": [6.56431e+06, 3.09339e+06,