{"data": [{"source": 232180, "target": 910685, "gen0-front": [[3.8371e+06, 1516, 5.5383e+06, 5.52058e+06], [5.47618e+06, 1476, 9.11563e+06, 6.65771e+06], [3.84379e+06, 1523, 5.53381e+06, 5.51881e+06], [4.0209e+06, 1665, 6.07485e+06, 5.51624e+06], [3.83751e+06, 1522, 5.53582e+06, 5.51964e+06], [3.84076e+06, 1522, 5.53422e+06, 5.51909e+06], [3.84211e+06, 1519, 5.53387e+06, 5.51887e+06], [3.83751e+06, 1522, 5.53582e+06, 5.51964e+06], [3.84379e+06, 1523, 5.53381e+06, 5.51881e+06], [3.83751e+06, 1522, 5.53582e+06, 5.51964e+06]], "gen0-norm-front": [[0, 0.21164, 0.00125439, 0.00380474], [1, 0, 1, 1], [0.00407866, 0.248677, 0, 0.00224885], [0.112134, 1, 0.151053, 0], [0.000249854, 0.243386, 0.000560888, 0.00298124], [0.00222905, 0.243386, 0.000116142, 0.00249415], [0.00305475, 0.227513, 1.73096e-05, 0.00230317], [0.000249854, 0.243386, 0.000560888, 0.00298124], [0.00407866, 0.248677, 0, 0.00224885], [0.000249854, 0.243386, 0.000560888, 0.00298124]], "gen0-raw-d-score": [8.71051e+06, 1.25462e+07, 8.70948e+06, 9.13785e+06, 8.70852e+06, 8.70858e+06, 8.70882e+06, 8.70852e+06, 8.70948e+06, 8.70852e+06], "gen0-norm-d-score": [1.76257, 2.01852, 1.0754, 1.07419, 0.412633, 0.412628, 0.415788, 0.424671, 0.348006, 0.243405], "gen0-sparsity": 1.44183e+12, "gen0-raw-winner": [3.84211e+06, 1519, 5.53387e+06, 5.51887e+06], "gen0-norm-winner": [0.00305475, 0.227513, 1.73096e-05, 0.00230317], "gen0-winner-naw-d-score": 8.70882e+06, "gen0-winner-norm-d-score": 0.415788, "gen0-time": 95961, "gen1-front": [[3.84211e+06, 1519, 5.53387e+06, 5.51887e+06], [3.84379e+06, 1523, 5.53381e+06, 5.51881e+06], [3.84076e+06, 1522, 5.53422e+06, 5.51909e+06], [3.8371e+06, 1516, 5.5383e+06, 5.52058e+06], [3.83751e+06, 1522, 5.53582e+06, 5.51964e+06], [4.0209e+06, 1665, 6.07485e+06, 5.51624e+06], [5.47618e+06, 1476, 9.11563e+06, 6.65771e+06], [3.83751e+06, 1522, 5.53582e+06, 5.51964e+06], [5.47618e+06, 1476, 9.11563e+06, 6.65771e+06], [3.83751e+06, 1522, 5.53582e+06, 5.51964e+06], [3.84211e+06, 1519, 5.53387e+06, 5.51887e+06], [3.83751e+06, 1522, 5.53582e+06, 5.51964e+06], [3.84307e+06, 1522, 5.53382e+06, 5.51882e+06], [3.83751e+06, 1522, 5.53582e+06, 5.51964e+06]], "gen1-norm-front": [[0.00305475, 0.227513, 1.73096e-05, 0.00230317], [0.00407866, 0.248677, 0, 0.00224885], [0.00222905, 0.243386, 0.000116142, 0.00249415], [0, 0.21164, 0.00125439, 0.00380474], [0.000249854, 0.243386, 0.000560888, 0.00298124], [0.112134, 1, 0.151053, 0], [1, 0, 1, 1], [0.000249854, 0.243386, 0.000560888, 0.00298124], [1, 0, 1, 1], [0.000249854, 0.243386, 0.000560888, 0.00298124], [0.00305475, 0.227513, 1.73096e-05, 0.00230317], [0.000249854, 0.243386, 0.000560888, 0.00298124], [0.00363775, 0.243386, 3.35025e-06, 0.00225936], [0.000249854, 0.243386, 0.000560888, 0.00298124]], "gen1-raw-d-score": [8.71051e+06, 1.25462e+07, 8.70948e+06, 9.13785e+06, 8.70852e+06, 8.70858e+06, 8.70882e+06, 8.70852e+06, 8.70948e+06, 8.70852e+06], "gen1-norm-d-score": [0.46656, 0.474505, 1.08438, 1.46268, 2.03811, 2.25713, 2.47356, 1.78052, 1.78052, 0.479082, 0.479077, 0.421601, 0.34424, 0.243405], "gen1-sparsity": 9.98192e+11, "gen1-raw-winner": [3.84307e+06, 1522, 5.53382e+06, 5.51882e+06], "gen1-norm-winner": [0.00363775, 0.243386, 3.35025e-06, 0.00225936], "gen1-winner-raw-d-score": 0, "gen1-winner-norm-d-score": 0.34424, "gen1-time": 91009, "gen2-front": [[3.84307e+06, 1522, 5.53382e+06, 5.51882e+06], [3.84211e+06, 1519, 5.53387e+06, 5.51887e+06], [3.84379e+06, 1523, 5.53381e+06, 5.51881e+06], [3.84211e+06, 1519, 5.53387e+06, 5.51887e+06], [3.84076e+06, 1522, 5.53422e+06, 5.51909e+06], [3.8371e+06, 1516, 5.5383e+06, 5.52058e+06], [3.83751e+06, 1522, 5.53582e+06, 5.51964e+06], [4.0209e+06, 1665, 6.07485e+06, 5.51624e+06], [5.47618e+06, 1476, 9.11563e+06, 6.65771e+06], [3.83751e+06, 1522, 5.53582e+06, 5.51964e+06], [5.47618e+06, 1476, 9.11563e+06, 6.65771e+06], [3.84211e+06, 1519, 5.53387e+06, 5.51887e+06]], "gen2-norm-front": [[0.00363775, 0.243386, 3.35025e-06, 0.00225936], [0.00305475, 0.227513, 1.73096e-05, 0.00230317], [0.00407866, 0.248677, 0, 0.00224885], [0.00305475, 0.227513, 1.73096e-05, 0.00230317], [0.00222905, 0.243386, 0.000116142, 0.00249415], [0, 0.21164, 0.00125439, 0.00380474], [0.000249854, 0.243386, 0.000560888, 0.00298124], [0.112134, 1, 0.151053, 0], [1, 0, 1, 1], [0.000249854, 0.243386, 0.000560888, 0.00298124], [1, 0, 1, 1], [0.00305475, 0.227513, 1.73096e-05, 0.00230317]], "gen2-raw-d-score": [8.71051e+06, 1.25462e+07, 8.70948e+06, 9.13785e+06, 8.70852e+06, 8.70858e+06, 8.70882e+06, 8.70852e+06, 8.70948e+06, 8.70852e+06], "gen2-norm-d-score": [0.415805, 0.406714, 0.415797, 0.394756, 0.404106, 1.06745, 2.02352, 2.02352, 2.46155, 1.76381, 1.74693, 0.227545], "gen2-sparsity": 1.17968e+12, "gen2-raw-winner": [3.84211e+06, 1519, 5.53387e+06, 5.51887e+06], "gen2-norm-winner": [0.00305475, 0.227513, 1.73096e-05, 0.00230317], "gen2-winner-raw-d-score": 7.85217e-310, "gen2-winner-norm-d-score": 0.227545, "gen2-time": 91836, "gen3-front": [[3.84211e+06, 1519, 5.53387e+06, 5.51887e+06], [3.84379e+06, 1523, 5.53381e+06, 5.51881e+06], [3.84307e+06, 1522, 5.53382e+06, 5.51882e+06], [3.84076e+06, 1522, 5.53422e+06, 5.51909e+06], [3.8371e+06, 1516, 5.5383e+06, 5.52058e+06], [3.83751e+06, 1522, 5.53582e+06, 5.51964e+06], [4.0209e+06, 1665, 6.07485e+06, 5.51624e+06], [5.47618e+06, 1476, 9.11563e+06, 6.65771e+06], [3.83751e+06, 1522, 5.53582e+06, 5.51964e+06], [5.47618e+06, 1476, 9.11563e+06, 6.65771e+06], [3.83751e+06, 1522, 5.53582e+06, 5.51964e+06], [3.8371e+06, 1516, 5.5383e+06, 5.52058e+06], [3.83751e+06, 1522, 5.53582e+06, 5.51964e+06]], "gen3-norm-front": [[0.00305475, 0.227513, 1.73096e-05, 0.00230317], [0.00407866, 0.248677, 0, 0.00224885], [0.00363775, 0.243386, 3.35025e-06, 0.00225936], [0.00222905, 0.243386, 0.000116142, 0.00249415], [0, 0.21164, 0.00125439, 0.00380474], [0.000249854, 0.243386, 0.000560888, 0.00298124], [0.112134, 1, 0.151053, 0], [1, 0, 1, 1], [0.000249854, 0.243386, 0.000560888, 0.00298124], [1, 0, 1, 1], [0.000249854, 0.243386, 0.000560888, 0.00298124], [0, 0.21164, 0.00125439, 0.00380474], [0.000249854, 0.243386, 0.000560888, 0.00298124]], "gen3-raw-d-score": [8.71051e+06, 1.25462e+07, 8.70948e+06, 9.13785e+06, 8.70852e+06, 8.70858e+06, 8.70882e+06, 8.70852e+06, 8.70948e+06, 8.70852e+06], "gen3-norm-d-score": [0.415811, 0.424694, 0.404118, 0.419376, 1.46268, 2.02352, 2.25713, 2.46155, 1.76593, 1.76183, 0.404104, 0.322574, 0.243405], "gen3-sparsity": 1.08137e+12, "gen3-raw-winner": [3.84307e+06, 1522, 5.53382e+06, 5.51882e+06], "gen3-norm-winner": [0.00363775, 0.243386, 3.35025e-06, 0.00225936], "gen3-winner-raw-d-score": 1.80334e-321, "gen3-winner-norm-d-score": 0.404118, "gen3-time": 92237, "gen4-front": [[3.84307e+06, 1522, 5.53382e+06, 5.51882e+06], [3.84211e+06, 1519, 5.53387e+06, 5.51887e+06], [3.84379e+06, 1523, 5.53381e+06, 5.51881e+06], [3.8371e+06, 1516, 5.5383e+06, 5.52058e+06], [3.84076e+06, 1522, 5.53422e+06, 5.51909e+06], [3.8371e+06, 1516, 5.5383e+06, 5.52058e+06], [3.83751e+06, 1522, 5.53582e+06, 5.51964e+06], [4.0209e+06, 1665, 6.07485e+06, 5.51624e+06], [5.47618e+06, 1476, 9.11563e+06, 6.65771e+06], [3.83751e+06, 1522, 5.53582e+06, 5.51964e+06], [5.47618e+06, 1476, 9.11563e+06, 6.65771e+06], [3.83751e+06, 1522, 5.53582e+06, 5.51964e+06]], "gen4-norm-front": [[0.00363775, 0.243386, 3.35025e-06, 0.00225936], [0.00305475, 0.227513, 1.73096e-05, 0.00230317], [0.00407866, 0.248677, 0, 0.00224885], [0, 0.21164, 0.00125439, 0.00380474], [0.00222905, 0.243386, 0.000116142, 0.00249415], [0, 0.21164, 0.00125439, 0.00380474], [0.000249854, 0.243386, 0.000560888, 0.00298124], [0.112134, 1, 0.151053, 0], [1, 0, 1, 1], [0.000249854, 0.243386, 0.000560888, 0.00298124], [1, 0, 1, 1], [0.000249854, 0.243386, 0.000560888, 0.00298124]], "gen4-raw-d-score": [8.71051e+06, 1.25462e+07, 8.70948e+06, 9.13785e+06, 8.70852e+06, 8.70858e+06, 8.70882e+06, 8.70852e+06, 8.70948e+06, 8.70852e+06], "gen4-norm-d-score": [0.415805, 0.398054, 0.40733, 0.385828, 0.404106, 1.06745, 2.02352, 2.02352, 2.46155, 1.76593, 1.74907, 0.243405], "gen4-sparsity": 1.17968e+12, "gen4-raw-winner": [3.84211e+06, 1519, 5.53387e+06, 5.51887e+06], "gen4-norm-winner": [0.00305475, 0.227513, 1.73096e-05, 0.00230317], "gen4-winner-raw-d-score": 7.85217e-310, "gen4-winner-norm-d-score": 0.398054, "gen4-time": 91985, "gen5-front": [[3.84211e+06, 1519, 5.53387e+06, 5.51887e+06], [3.84379e+06, 1523, 5.53381e+06, 5.51881e+06], [3.84307e+06, 1522, 5.53382e+06, 5.51882e+06], [3.8371e+06, 1516, 5.5383e+06, 5.52058e+06], [3.84076e+06, 1522, 5.53422e+06, 5.51909e+06], [3.8371e+06, 1516, 5.5383e+06, 5.52058e+06], [3.83751e+06, 1522, 5.53582e+06, 5.51964e+06], [4.0209e+06, 1665, 6.07485e+06, 5.51624e+06], [5.47618e+06, 1476, 9.11563e+06, 6.65771e+06], [3.83751e+06, 1522, 5.53582e+06, 5.51964e+06], [5.47618e+06, 1476, 9.11563e+06, 6.65771e+06], [3.83751e+06, 1522, 5.53582e+06, 5.51964e+06]], "gen5-norm-front": [[0.00305475, 0.227513, 1.73096e-05, 0.00230317], [0.00407866, 0.248677, 0, 0.00224885], [0.00363775, 0.243386, 3.35025e-06, 0.00225936], [0, 0.21164, 0.00125439, 0.00380474], [0.00222905, 0.243386, 0.000116142, 0.00249415], [0, 0.21164, 0.00125439, 0.00380474], [0.000249854, 0.243386, 0.000560888, 0.00298124], [0.112134, 1, 0.151053, 0], [1, 0, 1, 1], [0.000249854, 0.243386, 0.000560888, 0.00298124], [1, 0, 1, 1], [0.000249854, 0.243386, 0.000560888, 0.00298124]], "gen5-raw-d-score": [8.71051e+06, 1.25462e+07, 8.70948e+06, 9.13785e+06, 8.70852e+06, 8.70858e+06, 8.70882e+06, 8.70852e+06, 8.70948e+06, 8.70852e+06], "gen5-norm-d-score": [0.415805, 0.407339, 0.404117, 0.385828, 0.404106, 1.06745, 2.02352, 2.02352, 2.46155, 1.76593, 1.74907, 0.243405], "gen5-sparsity": 1.17968e+12, "gen5-raw-winner": [3.84307e+06, 1522, 5.53382e+06, 5.51882e+06], "gen5-norm-winner": [0.00363775, 0.243386, 3.35025e-06, 0.00225936], "gen5-winner-raw-d-score": 2.91499e-321, "gen5-winner-norm-d-score": 0.404117, "gen5-time": 91507}, {"source": 529325, "target": 581426, "gen0-front": [[3.72552e+06, 697, 5.68859e+06, 5.07126e+06], [1.10078e+07, 258, 2.13766e+07, 1.01275e+07], [3.74167e+06, 672, 5.65218e+06, 5.10159e+06], [4.55909e+06, 549, 8.20130e+06, 4.83401e+06], [3.74577e+06, 717, 5.77036e+06, 5.01132e+06], [3.72951e+06, 668, 5.68027e+06, 5.06278e+06], [3.72947e+06, 668, 5.663e+06, 5.08353e+06], [3.73672e+06, 672, 5.65218e+06, 5.10159e+06], [3.73447e+06, 673, 5.6534e+06, 5.10197e+06], [3.73176e+06, 667, 5.67906e+06, 5.0624e+06], [3.7261e+06, 699, 5.6885e+06, 5.06501e+06], [3.73176e+06, 667, 5.67906e+06, 5.0624e+06], [3.73447e+06, 673, 5.6534e+06, 5.10197e+06], [3.72947e+06, 668, 5.663e+06, 5.08353e+06]], "gen0-norm-front": [[0, 0.956427, 0.00231539, 0.0448183], [1, 0, 1, 1], [0.00221754, 0.901961, 0, 0.0505486], [0.114466, 0.633987, 0.162113, 0], [0.00278109, 1, 0.00751565, 0.0334945], [0.000548084, 0.893246, 0.00178633, 0.0432167], [0.000543265, 0.893246, 0.000687976, 0.0471359], [0.00153879, 0.901961, 0, 0.0505486], [0.0012294, 0.904139, 7.73957e-05, 0.05062], [0.000857479, 0.891068, 0.00170894, 0.0431453], [7.94778e-05, 0.960784, 0.00230941, 0.0436385], [0.000857479, 0.891068, 0.00170894, 0.0431453], [0.0012294, 0.904139, 7.73957e-05, 0.05062], [0.000543265, 0.893246, 0.000687976, 0.0471359]], "gen0-raw-d-score": [8.48276e+06, 2.60901e+07, 8.48372e+06, 1.05553e+07, 8.51124e+06, 8.47387e+06, 8.47472e+06, 8.48154e+06, 8.48159e+06, 8.47382e+06, 8.47922e+06, 8.47382e+06, 8.48159e+06, 8.47472e+06], "gen0-norm-d-score": [2.17493, 1.95348, 1.10957, 1.20104, 1.00059, 1.26486, 1.27029, 1.27811, 1.27045, 1.31182, 1.31111, 1.27017, 1.27285, 0.894489], "gen0-sparsity": 1.90032e+13, "gen0-raw-winner": [3.73176e+06, 667, 5.67906e+06, 5.0624e+06], "gen0-norm-winner": [0.000857479, 0.891068, 0.00170894, 0.0431453], "gen0-winner-naw-d-score": 8.47382e+06, "gen0-winner-norm-d-score": 1.27017, "gen0-time": 90135, "gen1-front": [[3.73176e+06, 667, 5.67906e+06, 5.0624e+06], [3.72947e+06, 668, 5.663e+06, 5.08353e+06], [3.72951e+06, 668, 5.68027e+06, 5.06278e+06], [3.72947e+06, 668, 5.663e+06, 5.08353e+06], [3.73672e+06, 672, 5.65218e+06, 5.10159e+06], [3.7261e+06, 699, 5.6885e+06, 5.06501e+06], [3.72552e+06, 697, 5.68859e+06, 5.07126e+06], [3.72947e+06, 668, 5.663e+06, 5.08353e+06], [4.55909e+06, 549, 8.20130e+06, 4.83401e+06], [3.73447e+06, 673, 5.6534e+06, 5.10197e+06], [3.74577e+06, 717, 5.77036e+06, 5.01132e+06], [1.10078e+07, 258, 2.13766e+07, 1.01275e+07], [3.72951e+06, 668, 5.68027e+06, 5.06278e+06], [1.10078e+07, 258, 2.13766e+07, 1.01275e+07]], "gen1-norm-front": [[0.000857479, 0.891068, 0.00170894, 0.0431453], [0.000543265, 0.893246, 0.000687976, 0.0471359], [0.000548084, 0.893246, 0.00178633, 0.0432167], [0.000543265, 0.893246, 0.000687976, 0.0471359], [0.00153879, 0.901961, 0, 0.0505486], [7.94778e-05, 0.960784, 0.00230941, 0.0436385], [0, 0.956427, 0.00231539, 0.0448183], [0.000543265, 0.893246, 0.000687976, 0.0471359], [0.114466, 0.633987, 0.162113, 0], [0.0012294, 0.904139, 7.73957e-05, 0.05062], [0.00278109, 1, 0.00751565, 0.0334945], [1, 0, 1, 1], [0.000548084, 0.893246, 0.00178633, 0.0432167], [1, 0, 1, 1]], "gen1-raw-d-score": [8.48276e+06, 2.60901e+07, 8.48372e+06, 1.05553e+07, 8.51124e+06, 8.47387e+06, 8.47472e+06, 8.48154e+06, 8.48159e+06, 8.47382e+06, 8.47922e+06, 8.47382e+06, 8.48159e+06, 8.47472e+06], "gen1-norm-d-score": [0.892114, 1.26486, 1.26398, 1.2713, 1.31879, 0.961778, 1.30945, 1.43489, 1.1231, 0.905556, 2.19068, 2.60763, 1.9493, 1.73205], "gen1-sparsity": 1.90032e+13, "gen1-raw-winner": [3.73176e+06, 667, 5.67906e+06, 5.0624e+06], "gen1-norm-winner": [0.000857479, 0.891068, 0.00170894, 0.0431453], "gen1-winner-raw-d-score": 0, "gen1-winner-norm-d-score": 0.892114, "gen1-time": 87356, "gen2-front": [[3.73176e+06, 667, 5.67906e+06, 5.0624e+06], [3.72951e+06, 668, 5.68027e+06, 5.06278e+06], [3.72947e+06, 668, 5.663e+06, 5.08353e+06], [3.72951e+06, 668, 5.68027e+06, 5.06278e+06], [3.7261e+06, 699, 5.6885e+06, 5.06501e+06], [4.55909e+06, 549, 8.20130e+06, 4.83401e+06], [3.72552e+06, 697, 5.68859e+06, 5.07126e+06], [3.73672e+06, 672, 5.65218e+06, 5.10159e+06], [3.73447e+06, 673, 5.6534e+06, 5.10197e+06], [3.74577e+06, 717, 5.77036e+06, 5.01132e+06], [1.10078e+07, 258, 2.13766e+07, 1.01275e+07], [3.72951e+06, 668, 5.68027e+06, 5.06278e+06], [1.10078e+07, 258, 2.13766e+07, 1.01275e+07], [3.72947e+06, 668, 5.663e+06, 5.08353e+06]], "gen2-norm-front": [[0.000857479, 0.891068, 0.00170894, 0.0431453], [0.000548084, 0.893246, 0.00178633, 0.0432167], [0.000543265, 0.893246, 0.000687976, 0.0471359], [0.000548084, 0.893246, 0.00178633, 0.0432167], [7.94778e-05, 0.960784, 0.00230941, 0.0436385], [0.114466, 0.633987, 0.162113, 0], [0, 0.956427, 0.00231539, 0.0448183], [0.00153879, 0.901961, 0, 0.0505486], [0.0012294, 0.904139, 7.73957e-05, 0.05062], [0.00278109, 1, 0.00751565, 0.0334945], [1, 0, 1, 1], [0.000548084, 0.893246, 0.00178633, 0.0432167], [1, 0, 1, 1], [0.000543265, 0.893246, 0.000687976, 0.0471359]], "gen2-raw-d-score": [8.48276e+06, 2.60901e+07, 8.48372e+06, 1.05553e+07, 8.51124e+06, 8.47387e+06, 8.47472e+06, 8.48154e+06, 8.48159e+06, 8.47382e+06, 8.47922e+06, 8.47382e+06, 8.48159e+06, 8.47472e+06], "gen2-norm-d-score": [1.78707, 1.82284, 1.71462, 1.75524, 1.75973, 1.72964, 1.88491, 1.90717, 2.37047, 2.40852, 2.75638, 2.14473, 1.94939, 0.894489], "gen2-sparsity": 1.90032e+13, "gen2-raw-winner": [3.73176e+06, 667, 5.67906e+06, 5.0624e+06], "gen2-norm-winner": [0.000857479, 0.891068, 0.00170894, 0.0431453], "gen2-winner-raw-d-score": 7.85217e-310, "gen2-winner-norm-d-score": 1.78707, "gen2-time": 82270, "gen3-front": [[3.73176e+06, 667, 5.67906e+06, 5.0624e+06], [3.72947e+06, 668, 5.663e+06, 5.08353e+06], [3.72951e+06, 668, 5.68027e+06, 5.06278e+06], [4.55909e+06, 549, 8.20130e+06, 4.83401e+06], [3.7261e+06, 699, 5.6885e+06, 5.06501e+06], [3.72552e+06, 697, 5.68859e+06, 5.07126e+06], [3.73672e+06, 672, 5.65218e+06, 5.10159e+06], [3.73447e+06, 673, 5.6534e+06, 5.10197e+06], [3.74577e+06, 717, 5.77036e+06, 5.01132e+06], [1.10078e+07, 258, 2.13766e+07, 1.01275e+07], [3.72951e+06, 668, 5.68027e+06, 5.06278e+06], [1.10078e+07, 258, 2.13766e+07, 1.01275e+07], [3.73618e+06, 673, 5.65237e+06, 5.10178e+06]], "gen3-norm-front": [[0.000857479, 0.891068, 0.00170894, 0.0431453], [0.000543265, 0.893246, 0.000687976, 0.0471359], [0.000548084, 0.893246, 0.00178633, 0.0432167], [0.114466, 0.633987, 0.162113, 0], [7.94778e-05, 0.960784, 0.00230941, 0.0436385], [0, 0.956427, 0.00231539, 0.0448183], [0.00153879, 0.901961, 0, 0.0505486], [0.0012294, 0.904139, 7.73957e-05, 0.05062], [0.00278109, 1, 0.00751565, 0.0334945], [1, 0, 1, 1], [0.000548084, 0.893246, 0.00178633, 0.0432167], [1, 0, 1, 1], [0.00146337, 0.904139, 1.20196e-05, 0.0505843]], "gen3-raw-d-score": [8.48276e+06, 2.60901e+07, 8.48372e+06, 1.05553e+07, 8.51124e+06, 8.47387e+06, 8.47472e+06, 8.48154e+06, 8.48159e+06, 8.47382e+06, 8.47922e+06, 8.47382e+06, 8.48159e+06, 8.47472e+06], "gen3-norm-d-score": [1.55204, 1.4287, 1.47177, 1.511, 1.6303, 1.59778, 1.90717, 2.19573, 2.40852, 2.60764, 2.14937, 1.95449, 0.905555], "gen3-sparsity": 2.05868e+13, "gen3-raw-winner": [3.73176e+06, 667, 5.67906e+06, 5.0624e+06], "gen3-norm-winner": [0.000857479, 0.891068, 0.00170894, 0.0431453], "gen3-winner-raw-d-score": 3.92782e-321, "gen3-winner-norm-d-score": 1.55204, "gen3-time": 82977, "gen4-front": [[3.73176e+06, 667, 5.67906e+06, 5.0624e+06], [3.72947e+06, 668, 5.663e+06, 5.08353e+06], [3.72951e+06, 668, 5.68027e+06, 5.06278e+06], [3.72552e+06, 697, 5.68859e+06, 5.07126e+06], [3.7261e+06, 699, 5.6885e+06, 5.06501e+06], [3.73672e+06, 672, 5.65218e+06, 5.10159e+06], [4.55909e+06, 549, 8.20130e+06, 4.83401e+06], [3.73618e+06, 673, 5.65237e+06, 5.10178e+06], [3.73447e+06, 673, 5.6534e+06, 5.10197e+06], [3.74577e+06, 717, 5.77036e+06, 5.01132e+06], [1.10078e+07, 258, 2.13766e+07, 1.01275e+07], [3.72951e+06, 668, 5.68027e+06, 5.06278e+06], [1.10078e+07, 258, 2.13766e+07, 1.01275e+07], [3.8264e+06, 411, 6.09289e+06, 4.92073e+06], [3.73176e+06, 667, 5.67906e+06, 5.0624e+06]], "gen4-norm-front": [[0.000857479, 0.891068, 0.00170894, 0.0431453], [0.000543265, 0.893246, 0.000687976, 0.0471359], [0.000548084, 0.893246, 0.00178633, 0.0432167], [0, 0.956427, 0.00231539, 0.0448183], [7.94778e-05, 0.960784, 0.00230941, 0.0436385], [0.00153879, 0.901961, 0, 0.0505486], [0.114466, 0.633987, 0.162113, 0], [0.00146337, 0.904139, 1.20196e-05, 0.0505843], [0.0012294, 0.904139, 7.73957e-05, 0.05062], [0.00278109, 1, 0.00751565, 0.0334945], [1, 0, 1, 1], [0.000548084, 0.893246, 0.00178633, 0.0432167], [1, 0, 1, 1], [0.0138536, 0.333333, 0.0280269, 0.0163819], [0.000857479, 0.891068, 0.00170894, 0.0431453]], "gen4-raw-d-score": [8.48276e+06, 2.60901e+07, 8.48372e+06, 1.05553e+07, 8.51124e+06, 8.47387e+06, 8.47472e+06, 8.48154e+06, 8.48159e+06, 8.47382e+06, 8.47922e+06, 8.47382e+06, 8.48159e+06, 8.47472e+06], "gen4-norm-d-score": [1.81948, 1.85466, 1.85878, 1.76045, 1.73202, 1.70144, 1.75541, 2.15436, 2.37047, 2.60786, 2.62904, 2.16936, 1.97692, 0.953008, 0.892114], "gen4-sparsity": 1.75391e+13, "gen4-raw-winner": [3.73176e+06, 667, 5.67906e+06, 5.0624e+06], "gen4-norm-winner": [0.000857479, 0.891068, 0.00170894, 0.0431453], "gen4-winner-raw-d-score": 7.85217e-310, "gen4-winner-norm-d-score": 0.892114, "gen4-time": 83007, "gen5-front": [[3.73176e+06, 667, 5.67906e+06, 5.0624e+06], [3.72947e+06, 668, 5.663e+06, 5.08353e+06], [3.72951e+06, 668, 5.68027e+06, 5.06278e+06], [3.8264e+06, 411, 6.09289e+06, 4.92073e+06], [3.73672e+06, 672, 5.65218e+06, 5.10159e+06], [3.7261e+06, 699, 5.6885e+06, 5.06501e+06], [3.72552e+06, 697, 5.68859e+06, 5.07126e+06], [4.55909e+06, 549, 8.20130e+06, 4.83401e+06], [3.73618e+06, 673, 5.65237e+06, 5.10178e+06], [3.73447e+06, 673, 5.6534e+06, 5.10197e+06], [3.74577e+06, 717, 5.77036e+06, 5.01132e+06], [1.10078e+07, 258, 2.13766e+07, 1.01275e+07], [3.72951e+06, 668, 5.68027e+06, 5.06278e+06], [1.10078e+07, 258, 2.13766e+07, 1.01275e+07]], "gen5-norm-front": [[0.000857479, 0.891068, 0.00170894, 0.0431453], [0.000543265, 0.893246, 0.000687976, 0.0471359], [0.000548084, 0.893246, 0.00178633, 0.0432167], [0.0138536, 0.333333, 0.0280269, 0.0163819], [0.00153879, 0.901961, 0, 0.0505486], [7.94778e-05, 0.960784, 0.00230941, 0.0436385], [0, 0.956427, 0.00231539, 0.0448183], [0.114466, 0.633987, 0.162113, 0], [0.00146337, 0.904139, 1.20196e-05, 0.0505843], [0.0012294, 0.904139, 7.73957e-05, 0.05062], [0.00278109, 1, 0.00751565, 0.0334945], [1, 0, 1, 1], [0.000548084, 0.893246, 0.00178633, 0.0432167], [1, 0, 1, 1]], "gen5-raw-d-score": [8.48276e+06, 2.60901e+07, 8.48372e+06, 1.05553e+07, 8.51124e+06, 8.47387e+06, 8.47472e+06, 8.48154e+06, 8.48159e+06, 8.47382e+06, 8.47922e+06, 8.47382e+06, 8.48159e+06, 8.47472e+06], "gen5-norm-d-score": [1.58336, 1.58927, 1.62829, 1.6638, 1.75297, 1.76085, 1.73078, 1.75539, 1.90821, 2.37047, 2.40852, 2.60763, 1.9493, 1.73205], "gen5-sparsity": 1.88883e+13, "gen5-raw-winner": [3.73176e+06, 667, 5.67906e+06, 5.0624e+06], "gen5-norm-winner": [0.000857479, 0.891068, 0.00170894, 0.0431453], "gen5-winner-raw-d-score": 4.21932e-321, "gen5-winner-norm-d-score": 1.58336, "gen5-time": 83747}, {"source": 288977, "target": 166769, "gen0-front": [[2.80651e+06, 1714, 4.27666e+06, 3.70789e+06], [4.09024e+06, 1341, 6.99695e+06, 4.58375e+06], [2.81635e+06, 1696, 4.27166e+06, 3.70556e+06], [3.02103e+06, 2702, 4.93786e+06, 3.63746e+06], [2.80787e+06, 1705, 4.27346e+06, 3.70628e+06], [2.81008e+06, 1699, 4.27229e+06, 3.70565e+06], [2.81021e+06, 1696, 4.27408e+06, 3.70386e+06], [2.81008e+06, 1699, 4.27229e+06, 3.70565e+06], [2.80787e+06, 1705, 4.27346e+06, 3.70628e+06], [2.81021e+06, 1696, 4.27408e+06, 3.70386e+06], [2.80787e+06, 1705, 4.27346e+06, 3.70628e+06], [2.81008e+06, 1699, 4.27229e+06, 3.70565e+06]], "gen0-norm-front": [[0, 0.274063, 0.0018354, 0.0744206], [1, 0, 1, 1], [0.00766964, 0.260838, 0, 0.0719594], [0.167109, 1, 0.244449, 0], [0.00106449, 0.26745, 0.000658279, 0.0727224], [0.00278192, 0.263042, 0.000230801, 0.0720619], [0.00288699, 0.260838, 0.00088798, 0.0701713], [0.00278192, 0.263042, 0.000230801, 0.0720619], [0.00106449, 0.26745, 0.000658279, 0.0727224], [0.00288699, 0.260838, 0.00088798, 0.0701713], [0.00106449, 0.26745, 0.000658279, 0.0727224], [0.00278192, 0.263042, 0.000230801, 0.0720619]], "gen0-raw-d-score": [6.31781e+06, 9.31118e+06, 6.31744e+06, 6.83668e+06, 6.31531e+06, 6.31513e+06, 6.31535e+06, 6.31513e+06, 6.31531e+06, 6.31535e+06, 6.31531e+06, 6.31513e+06], "gen0-norm-d-score": [1.77593, 2.03984, 1.11255, 1.11306, 0.473478, 0.470906, 0.473478, 0.473478, 0.476035, 0.473478, 0.388859, 0.272748], "gen0-sparsity": 6.03067e+11, "gen0-raw-winner": [2.81635e+06, 1696, 4.27166e+06, 3.70556e+06], "gen0-norm-winner": [0.00766964, 0.260838, 0, 0.0719594], "gen0-winner-naw-d-score": 6.31744e+06, "gen0-winner-norm-d-score": 1.11255, "gen0-time": 22396, "gen1-front": [[2.81635e+06, 1696, 4.27166e+06, 3.70556e+06], [2.81008e+06, 1699, 4.27229e+06, 3.70565e+06], [2.81021e+06, 1696, 4.27408e+06, 3.70386e+06], [2.81008e+06, 1699, 4.27229e+06, 3.70565e+06], [2.81021e+06, 1696, 4.27408e+06, 3.70386e+06], [2.80787e+06, 1705, 4.27346e+06, 3.70628e+06], [2.80651e+06, 1714, 4.27666e+06, 3.70789e+06], [3.02103e+06, 2702, 4.93786e+06, 3.63746e+06], [4.09024e+06, 1341, 6.99695e+06, 4.58375e+06], [2.80787e+06, 1705, 4.27346e+06, 3.70628e+06], [2.80801e+06, 1702, 4.27525e+06, 3.70449e+06], [4.09024e+06, 1341, 6.99695e+06, 4.58375e+06], [2.81021e+06, 1696, 4.27408e+06, 3.70386e+06], [2.80801e+06, 1702, 4.27525e+06, 3.70449e+06], [2.81021e+06, 1696, 4.27408e+06, 3.70386e+06]], "gen1-norm-front": [[0.00766964, 0.260838, 0, 0.0719594], [0.00278192, 0.263042, 0.000230801, 0.0720619], [0.00288699, 0.260838, 0.00088798, 0.0701713], [0.00278192, 0.263042, 0.000230801, 0.0720619], [0.00288699, 0.260838, 0.00088798, 0.0701713], [0.00106449, 0.26745, 0.000658279, 0.0727224], [0, 0.274063, 0.0018354, 0.0744206], [0.167109, 1, 0.244449, 0], [1, 0, 1, 1], [0.00106449, 0.26745, 0.000658279, 0.0727224], [0.00116955, 0.265246, 0.00131546, 0.0708318], [1, 0, 1, 1], [0.00288699, 0.260838, 0.00088798, 0.0701713], [0.00116955, 0.265246, 0.00131546, 0.0708318], [0.00288699, 0.260838, 0.00088798, 0.0701713]], "gen1-raw-d-score": [6.31781e+06, 9.31118e+06, 6.31744e+06, 6.83668e+06, 6.31531e+06, 6.31513e+06, 6.31535e+06, 6.31513e+06, 6.31531e+06, 6.31535e+06, 6.31531e+06, 6.31513e+06], "gen1-norm-d-score": [0.27069, 0.272748, 0.270128, 0.272748, 0.270128, 0.277164, 0.283994, 1.04292, 1.75339, 0.277164, 0.274546, 1.73205, 0.270128, 5.11361e+06, 0.270128], "gen1-sparsity": 4.73838e+11, "gen1-raw-winner": [2.81021e+06, 1696, 4.27408e+06, 3.70386e+06], "gen1-norm-winner": [0.00288699, 0.260838, 0.00088798, 0.0701713], "gen1-winner-raw-d-score": 0, "gen1-winner-norm-d-score": 0.270128, "gen1-time": 20897, "gen2-front": [[2.81021e+06, 1696, 4.27408e+06, 3.70386e+06], [2.81635e+06, 1696, 4.27166e+06, 3.70556e+06], [2.81008e+06, 1699, 4.27229e+06, 3.70565e+06], [2.80801e+06, 1702, 4.27525e+06, 3.70449e+06], [2.80787e+06, 1705, 4.27346e+06, 3.70628e+06], [2.80651e+06, 1714, 4.27666e+06, 3.70789e+06], [3.02103e+06, 2702, 4.93786e+06, 3.63746e+06], [4.09024e+06, 1341, 6.99695e+06, 4.58375e+06], [2.80787e+06, 1705, 4.27346e+06, 3.70628e+06], [2.80801e+06, 1702, 4.27525e+06, 3.70449e+06], [4.09024e+06, 1341, 6.99695e+06, 4.58375e+06]], "gen2-norm-front": [[0.00288699, 0.260838, 0.00088798, 0.0701713], [0.00766964, 0.260838, 0, 0.0719594], [0.00278192, 0.263042, 0.000230801, 0.0720619], [0.00116955, 0.265246, 0.00131546, 0.0708318], [0.00106449, 0.26745, 0.000658279, 0.0727224], [0, 0.274063, 0.0018354, 0.0744206], [0.167109, 1, 0.244449, 0], [1, 0, 1, 1], [0.00106449, 0.26745, 0.000658279, 0.0727224], [0.00116955, 0.265246, 0.00131546, 0.0708318], [1, 0, 1, 1]], "gen2-raw-d-score": [6.31781e+06, 9.31118e+06, 6.31744e+06, 6.83668e+06, 6.31531e+06, 6.31513e+06, 6.31535e+06, 6.31513e+06, 6.31531e+06, 6.31535e+06, 6.31531e+06, 6.31513e+06], "gen2-norm-d-score": [0.464157, 0.46693, 0.470424, 0.47677, 1.11586, 1.77998, 2.03941, 1.77403, 1.46704, 1.75367, 1.73205], "gen2-sparsity": 6.63373e+11, "gen2-raw-winner": [2.81021e+06, 1696, 4.27408e+06, 3.70386e+06], "gen2-norm-winner": [0.00288699, 0.260838, 0.00088798, 0.0701713], "gen2-winner-raw-d-score": 7.85217e-310, "gen2-winner-norm-d-score": 0.464157, "gen2-time": 20795, "gen3-front": [[2.81021e+06, 1696, 4.27408e+06, 3.70386e+06], [2.81635e+06, 1696, 4.27166e+06, 3.70556e+06], [2.81008e+06, 1699, 4.27229e+06, 3.70565e+06], [2.80801e+06, 1702, 4.27525e+06, 3.70449e+06], [2.80787e+06, 1705, 4.27346e+06, 3.70628e+06], [2.80651e+06, 1714, 4.27666e+06, 3.70789e+06], [3.02103e+06, 2702, 4.93786e+06, 3.63746e+06], [4.09024e+06, 1341, 6.99695e+06, 4.58375e+06], [2.80787e+06, 1705, 4.27346e+06, 3.70628e+06], [2.80801e+06, 1702, 4.27525e+06, 3.70449e+06], [4.09024e+06, 1341, 6.99695e+06, 4.58375e+06], [2.80787e+06, 1705, 4.27346e+06, 3.70628e+06], [2.80801e+06, 1702, 4.27525e+06, 3.70449e+06], [2.81021e+06, 1696, 4.27408e+06, 3.70386e+06]], "gen3-norm-front": [[0.00288699, 0.260838, 0.00088798, 0.0701713], [0.00766964, 0.260838, 0, 0.0719594], [0.00278192, 0.263042, 0.000230801, 0.0720619], [0.00116955, 0.265246, 0.00131546, 0.0708318], [0.00106449, 0.26745, 0.000658279, 0.0727224], [0, 0.274063, 0.0018354, 0.0744206], [0.167109, 1, 0.244449, 0], [1, 0, 1, 1], [0.00106449, 0.26745, 0.000658279, 0.0727224], [0.00116955, 0.265246, 0.00131546, 0.0708318], [1, 0, 1, 1], [0.00106449, 0.26745, 0.000658279, 0.0727224], [0.00116955, 0.265246, 0.00131546, 0.0708318], [0.00288699, 0.260838, 0.00088798, 0.0701713]], "gen3-raw-d-score": [6.31781e+06, 9.31118e+06, 6.31744e+06, 6.83668e+06, 6.31531e+06, 6.31513e+06, 6.31535e+06, 6.31513e+06, 6.31531e+06, 6.31535e+06, 6.31531e+06, 6.31513e+06], "gen3-norm-d-score": [0.539436, 0.542744, 0.54927, 1.12284, 1.49838, 2.05909, 2.05788, 2.03769, 1.79547, 1.79515, 1.7945, 0.474516, 0.385156, 0.270128], "gen3-sparsity": 5.10287e+11, "gen3-raw-winner": [2.81021e+06, 1696, 4.27408e+06, 3.70386e+06], "gen3-norm-winner": [0.00288699, 0.260838, 0.00088798, 0.0701713], "gen3-winner-raw-d-score": 1.24505e-321, "gen3-winner-norm-d-score": 0.270128, "gen3-time": 21128, "gen4-front": [[2.81021e+06, 1696, 4.27408e+06, 3.70386e+06], [2.81635e+06, 1696, 4.27166e+06, 3.70556e+06], [2.81008e+06, 1699, 4.27229e+06, 3.70565e+06], [2.80801e+06, 1702, 4.27525e+06, 3.70449e+06], [2.80787e+06, 1705, 4.27346e+06, 3.70628e+06], [2.80651e+06, 1714, 4.27666e+06, 3.70789e+06], [3.02103e+06, 2702, 4.93786e+06, 3.63746e+06], [4.09024e+06, 1341, 6.99695e+06, 4.58375e+06], [2.80787e+06, 1705, 4.27346e+06, 3.70628e+06], [2.80801e+06, 1702, 4.27525e+06, 3.70449e+06], [4.09024e+06, 1341, 6.99695e+06, 4.58375e+06], [2.81021e+06, 1696, 4.27408e+06, 3.70386e+06]], "gen4-norm-front": [[0.00288699, 0.260838, 0.00088798, 0.0701713], [0.00766964, 0.260838, 0, 0.0719594], [0.00278192, 0.263042, 0.000230801, 0.0720619], [0.00116955, 0.265246, 0.00131546, 0.0708318], [0.00106449, 0.26745, 0.000658279, 0.0727224], [0, 0.274063, 0.0018354, 0.0744206], [0.167109, 1, 0.244449, 0], [1, 0, 1, 1], [0.00106449, 0.26745, 0.000658279, 0.0727224], [0.00116955, 0.265246, 0.00131546, 0.0708318], [1, 0, 1, 1], [0.00288699, 0.260838, 0.00088798, 0.0701713]], "gen4-raw-d-score": [6.31781e+06, 9.31118e+06, 6.31744e+06, 6.83668e+06, 6.31531e+06, 6.31513e+06, 6.31535e+06, 6.31513e+06, 6.31531e+06, 6.31535e+06, 6.31531e+06, 6.31513e+06], "gen4-norm-d-score": [0.469717, 0.472272, 0.476012, 0.482543, 1.11586, 2.04165, 2.04071, 1.77544, 1.77544, 1.77436, 1.75299, 0.270128], "gen4-sparsity": 6.03067e+11, "gen4-raw-winner": [2.81021e+06, 1696, 4.27408e+06, 3.70386e+06], "gen4-norm-winner": [0.00288699, 0.260838, 0.00088798, 0.0701713], "gen4-winner-raw-d-score": 7.85217e-310, "gen4-winner-norm-d-score": 0.270128, "gen4-time": 20766, "gen5-front": [[2.81021e+06, 1696, 4.27408e+06, 3.70386e+06], [2.81635e+06, 1696, 4.27166e+06, 3.70556e+06], [2.81008e+06, 1699, 4.27229e+06, 3.70565e+06], [2.80801e+06, 1702, 4.27525e+06, 3.70449e+06], [2.80787e+06, 1705, 4.27346e+06, 3.70628e+06], [2.80651e+06, 1714, 4.27666e+06, 3.70789e+06], [3.02103e+06, 2702, 4.93786e+06, 3.63746e+06], [4.09024e+06, 1341, 6.99695e+06, 4.58375e+06], [2.80787e+06, 1705, 4.27346e+06, 3.70628e+06], [2.80801e+06, 1702, 4.27525e+06, 3.70449e+06], [4.09024e+06, 1341, 6.99695e+06, 4.58375e+06], [2.81021e+06, 1696, 4.27408e+06, 3.70386e+06], [2.80664e+06, 1711, 4.27846e+06, 3.7061e+06], [2.81008e+06, 1699, 4.27229e+06, 3.70565e+06]], "gen5-norm-front": [[0.00288699, 0.260838, 0.00088798, 0.0701713], [0.00766964, 0.260838, 0, 0.0719594], [0.00278192, 0.263042, 0.000230801, 0.0720619], [0.00116955, 0.265246, 0.00131546, 0.0708318], [0.00106449, 0.26745, 0.000658279, 0.0727224], [0, 0.274063, 0.0018354, 0.0744206], [0.167109, 1, 0.244449, 0], [1, 0, 1, 1], [0.00106449, 0.26745, 0.000658279, 0.0727224], [0.00116955, 0.265246, 0.00131546, 0.0708318], [1, 0, 1, 1], [0.00288699, 0.260838, 0.00088798, 0.0701713], [0.000105064, 0.271859, 0.00249258, 0.07253], [0.00278192, 0.263042, 0.000230801, 0.0720619]], "gen5-raw-d-score": [6.31781e+06, 9.31118e+06, 6.31744e+06, 6.83668e+06, 6.31531e+06, 6.31513e+06, 6.31535e+06, 6.31513e+06, 6.31531e+06, 6.31535e+06, 6.31531e+06, 6.31513e+06], "gen5-norm-d-score": [0.270128, 0.27069, 0.272748, 0.274546, 0.277164, 0.283994, 9.31118e+06, 1.73205, 0.277164, 0.274546, 1.73205, 0.270128, 0.281379, 6.31803e+06], "gen5-sparsity": 5.10105e+11, "gen5-raw-winner": [2.81021e+06, 1696, 4.27408e+06, 3.70386e+06], "gen5-norm-winner": [0.00288699, 0.260838, 0.00088798, 0.0701713], "gen5-winner-raw-d-score": 4.496e-322, "gen5-winner-norm-d-score": 0.270128, "gen5-time": 21109}, {"source": 947024, "target": 557958, "gen0-front": [[1.67408e+06, 241, 2.51096e+06, 2.24746e+06], [4.67279e+06, 110, 9.08816e+06, 4.20774e+06], [1.67638e+06, 245, 2.51046e+06, 2.25298e+06], [1.73212e+06, 217, 2.6856e+06, 2.22828e+06], [1.67408e+06, 241, 2.51096e+06, 2.24746e+06], [1.67834e+06, 226, 2.52383e+06, 2.24306e+06], [1.67408e+06, 241, 2.51096e+06, 2.24746e+06]], "gen0-norm-front": [[0, 0.97037, 7.61664e-05, 0.009688], [1, 0, 1, 1], [0.000768796, 1, 0, 0.0124802], [0.0193558, 0.792593, 0.0266257, 0], [0, 0.97037, 7.61664e-05, 0.009688], [0.00142166, 0.859259, 0.00203323, 0.00746769], [0, 0.97037, 7.61664e-05, 0.009688]], "gen0-raw-d-score": [3.76278e+06, 1.10515e+07, 3.76678e+06, 3.89588e+06, 3.76278e+06, 3.77066e+06, 3.76278e+06], "gen0-norm-d-score": [1.71514, 2, 1.2765, 1.25336, 1.29617, 1.29615, 0.970419], "gen0-sparsity": 8.91517e+12, "gen0-raw-winner": [1.67408e+06, 241, 2.51096e+06, 2.24746e+06], "gen0-norm-winner": [0, 0.97037, 7.61664e-05, 0.009688], "gen0-winner-naw-d-score": 3.76278e+06, "gen0-winner-norm-d-score": 0.970419, "gen0-time": 51491, "gen1-front": [[1.67408e+06, 241, 2.51096e+06, 2.24746e+06], [1.73212e+06, 217, 2.6856e+06, 2.22828e+06], [1.67834e+06, 226, 2.52383e+06, 2.24306e+06], [1.67638e+06, 245, 2.51046e+06, 2.25298e+06], [4.67279e+06, 110, 9.08816e+06, 4.20774e+06], [1.67408e+06, 241, 2.51096e+06, 2.24746e+06], [4.67279e+06, 110, 9.08816e+06, 4.20774e+06], [1.67408e+06, 241, 2.51096e+06, 2.24746e+06]], "gen1-norm-front": [[0, 0.97037, 7.61664e-05, 0.009688], [0.0193558, 0.792593, 0.0266257, 0], [0.00142166, 0.859259, 0.00203323, 0.00746769], [0.000768796, 1, 0, 0.0124802], [1, 0, 1, 1], [0, 0.97037, 7.61664e-05, 0.009688], [1, 0, 1, 1], [0, 0.97037, 7.61664e-05, 0.009688]], "gen1-raw-d-score": [3.76278e+06, 1.10515e+07, 3.76678e+06, 3.89588e+06, 3.76278e+06, 3.77066e+06, 3.76278e+06], "gen1-norm-d-score": [1.2534, 1.16948, 1.31854, 2.00004, 1.98537, 1.98537, 1.98537, 0.970419], "gen1-sparsity": 7.64157e+12, "gen1-raw-winner": [1.67408e+06, 241, 2.51096e+06, 2.24746e+06], "gen1-norm-winner": [0, 0.97037, 7.61664e-05, 0.009688], "gen1-winner-raw-d-score": 0, "gen1-winner-norm-d-score": 0.970419, "gen1-time": 48660, "gen2-front": [[1.67408e+06, 241, 2.51096e+06, 2.24746e+06], [1.73212e+06, 217, 2.6856e+06, 2.22828e+06], [1.67834e+06, 226, 2.52383e+06, 2.24306e+06], [1.67638e+06, 245, 2.51046e+06, 2.25298e+06], [4.67279e+06, 110, 9.08816e+06, 4.20774e+06], [1.67408e+06, 241, 2.51096e+06, 2.24746e+06], [4.67279e+06, 110, 9.08816e+06, 4.20774e+06], [1.67834e+06, 226, 2.52383e+06, 2.24306e+06], [1.67408e+06, 241, 2.51096e+06, 2.24746e+06]], "gen2-norm-front": [[0, 0.97037, 7.61664e-05, 0.009688], [0.0193558, 0.792593, 0.0266257, 0], [0.00142166, 0.859259, 0.00203323, 0.00746769], [0.000768796, 1, 0, 0.0124802], [1, 0, 1, 1], [0, 0.97037, 7.61664e-05, 0.009688], [1, 0, 1, 1], [0.00142166, 0.859259, 0.00203323, 0.00746769], [0, 0.97037, 7.61664e-05, 0.009688]], "gen2-raw-d-score": [3.76278e+06, 1.10515e+07, 3.76678e+06, 3.89588e+06, 3.76278e+06, 3.77066e+06, 3.76278e+06], "gen2-norm-d-score": [1.2534, 1.16948, 1.65485, 2.00004, 2.223, 1.98538, 1.93349, 1.29619, 0.970419], "gen2-sparsity": 6.68637e+12, "gen2-raw-winner": [1.67408e+06, 241, 2.51096e+06, 2.24746e+06], "gen2-norm-winner": [0, 0.97037, 7.61664e-05, 0.009688], "gen2-winner-raw-d-score": 7.85217e-310, "gen2-winner-norm-d-score": 0.970419, "gen2-time": 45802, "gen3-front": [[1.67408e+06, 241, 2.51096e+06, 2.24746e+06], [1.73212e+06, 217, 2.6856e+06, 2.22828e+06], [1.67834e+06, 226, 2.52383e+06, 2.24306e+06], [1.67638e+06, 245, 2.51046e+06, 2.25298e+06], [4.67279e+06, 110, 9.08816e+06, 4.20774e+06], [1.67408e+06, 241, 2.51096e+06, 2.24746e+06], [4.67279e+06, 110, 9.08816e+06, 4.20774e+06], [1.67408e+06, 241, 2.51096e+06, 2.24746e+06]], "gen3-norm-front": [[0, 0.97037, 7.61664e-05, 0.009688], [0.0193558, 0.792593, 0.0266257, 0], [0.00142166, 0.859259, 0.00203323, 0.00746769], [0.000768796, 1, 0, 0.0124802], [1, 0, 1, 1], [0, 0.97037, 7.61664e-05, 0.009688], [1, 0, 1, 1], [0, 0.97037, 7.61664e-05, 0.009688]], "gen3-raw-d-score": [3.76278e+06, 1.10515e+07, 3.76678e+06, 3.89588e+06, 3.76278e+06, 3.77066e+06, 3.76278e+06], "gen3-norm-d-score": [1.2534, 1.16948, 1.31854, 2.00004, 1.98537, 1.98537, 1.98537, 0.970419], "gen3-sparsity": 7.64157e+12, "gen3-raw-winner": [1.67408e+06, 241, 2.51096e+06, 2.24746e+06], "gen3-norm-winner": [0, 0.97037, 7.61664e-05, 0.009688], "gen3-winner-raw-d-score": 6.96633e-322, "gen3-winner-norm-d-score": 0.970419, "gen3-time": 45268, "gen4-front": [[1.67408e+06, 241, 2.51096e+06, 2.24746e+06], [1.73212e+06, 217, 2.6856e+06, 2.22828e+06], [1.67834e+06, 226, 2.52383e+06, 2.24306e+06], [1.67638e+06, 245, 2.51046e+06, 2.25298e+06], [4.67279e+06, 110, 9.08816e+06, 4.20774e+06], [1.67408e+06, 241, 2.51096e+06, 2.24746e+06], [4.67279e+06, 110, 9.08816e+06, 4.20774e+06], [1.67736e+06, 228, 2.52828e+06, 2.24296e+06], [1.67408e+06, 241, 2.51096e+06, 2.24746e+06]], "gen4-norm-front": [[0, 0.97037, 7.61664e-05, 0.009688], [0.0193558, 0.792593, 0.0266257, 0], [0.00142166, 0.859259, 0.00203323, 0.00746769], [0.000768796, 1, 0, 0.0124802], [1, 0, 1, 1], [0, 0.97037, 7.61664e-05, 0.009688], [1, 0, 1, 1], [0.001093, 0.874074, 0.00270976, 0.00741818], [0, 0.97037, 7.61664e-05, 0.009688]], "gen4-raw-d-score": [3.76278e+06, 1.10515e+07, 3.76678e+06, 3.89588e+06, 3.76278e+06, 3.77066e+06, 3.76278e+06], "gen4-norm-d-score": [1.2534, 1.16948, 1.65485, 2.00004, 2.223, 1.98537, 1.94012, 1.30606, 0.970419], "gen4-sparsity": 6.6862e+12, "gen4-raw-winner": [1.67408e+06, 241, 2.51096e+06, 2.24746e+06], "gen4-norm-winner": [0, 0.97037, 7.61664e-05, 0.009688], "gen4-winner-raw-d-score": 7.85217e-310, "gen4-winner-norm-d-score": 0.970419, "gen4-time": 45083, "gen5-front": [[1.67408e+06, 241, 2.51096e+06, 2.24746e+06], [1.73212e+06, 217, 2.6856e+06, 2.22828e+06], [1.67736e+06, 228, 2.52828e+06, 2.24296e+06], [1.67834e+06, 226, 2.52383e+06, 2.24306e+06], [1.67638e+06, 245, 2.51046e+06, 2.25298e+06], [4.67279e+06, 110, 9.08816e+06, 4.20774e+06], [1.67408e+06, 241, 2.51096e+06, 2.24746e+06], [4.67279e+06, 110, 9.08816e+06, 4.20774e+06], [1.67408e+06, 241, 2.51096e+06, 2.24746e+06]], "gen5-norm-front": [[0, 0.97037, 7.61664e-05, 0.009688], [0.0193558, 0.792593, 0.0266257, 0], [0.001093, 0.874074, 0.00270976, 0.00741818], [0.00142166, 0.859259, 0.00203323, 0.00746769], [0.000768796, 1, 0, 0.0124802], [1, 0, 1, 1], [0, 0.97037, 7.61664e-05, 0.009688], [1, 0, 1, 1], [0, 0.97037, 7.61664e-05, 0.009688]], "gen5-raw-d-score": [3.76278e+06, 1.10515e+07, 3.76678e+06, 3.89588e+06, 3.76278e+06, 3.77066e+06, 3.76278e+06], "gen5-norm-d-score": [1.2534, 1.18041, 1.22575, 1.65485, 2.00004, 2.223, 1.98537, 1.98537, 0.970419], "gen5-sparsity": 6.6862e+12, "gen5-raw-winner": [1.67408e+06, 241, 2.51096e+06, 2.24746e+06], "gen5-norm-winner": [0, 0.97037, 7.61664e-05, 0.009688], "gen5-winner-raw-d-score": 4.39224e-321, "gen5-winner-norm-d-score": 0.970419, "gen5-time": 45716}, {"source": 428325, "target": 234929, "gen0-front": [[3.65297e+06, 837, 5.53777e+06, 4.91754e+06], [9.80961e+06, 275, 1.87534e+07, 9.30869e+06], [3.66424e+06, 848, 5.5172e+06, 4.94474e+06], [3.81575e+06, 1074, 6.17838e+06, 4.72339e+06], [3.65307e+06, 842, 5.52167e+06, 4.9258e+06], [3.72686e+06, 1017, 5.91028e+06, 4.72717e+06], [3.65525e+06, 838, 5.5206e+06, 4.92560e+06], [3.65307e+06, 842, 5.52167e+06, 4.9258e+06], [3.65525e+06, 838, 5.5206e+06, 4.92560e+06], [3.65307e+06, 842, 5.52167e+06, 4.9258e+06], [3.66477e+06, 770, 5.64224e+06, 4.82757e+06], [3.70085e+06, 1065, 5.82136e+06, 4.74404e+06], [3.66479e+06, 777, 5.62693e+06, 4.83702e+06], [3.66477e+06, 770, 5.64224e+06, 4.82757e+06]], "gen0-norm-front": [[0, 0.703379, 0.0015546, 0.0423429], [1, 0, 1, 1], [0.00183054, 0.717146, 0, 0.0482744], [0.0264393, 1, 0.0499528, 0], [1.52585e-05, 0.709637, 0.000338238, 0.0441432], [0.0120012, 0.928661, 0.0296975, 0.000824808], [0.000369318, 0.704631, 0.000257097, 0.0441015], [1.52585e-05, 0.709637, 0.000338238, 0.0441432], [0.000369318, 0.704631, 0.000257097, 0.0441015], [1.52585e-05, 0.709637, 0.000338238, 0.0441432], [0.00191519, 0.619524, 0.00944739, 0.0227219], [0.00777673, 0.988736, 0.0229793, 0.00450373], [0.00191982, 0.628285, 0.00829049, 0.0247829], [0.00191519, 0.619524, 0.00944739, 0.0227219]], "gen0-raw-d-score": [8.25793e+06, 2.31208e+07, 8.26538e+06, 8.66272e+06, 8.25211e+06, 8.43605e+06, 8.25224e+06, 8.25211e+06, 8.25224e+06, 8.25211e+06, 8.28075e+06, 8.372e+06, 8