{"data": [{"source": 200128, "target": 37658, "gen0-front": [[966, 1.13237e+06, 1.04308e+06, 2.18906e+06], [1317, 687924, 905121, 1.04533e+06], [1575, 829639, 868224, 1.48612e+06], [1311, 687967, 905049, 1.04526e+06], [1251, 690429, 891720, 1.07126e+06], [1311, 687967, 905049, 1.04526e+06], [1257, 692858, 888477, 1.07759e+06]], "gen0-norm-front": [[0, 1, 1, 1], [0.576355, 0, 0.211008, 6.29482e-05], [1, 0.318859, 0, 0.385438], [0.566502, 9.67501e-05, 0.210596, 0], [0.46798, 0.00563626, 0.13437, 0.0227252], [0.566502, 9.67501e-05, 0.210596, 0], [0.477833, 0.0111015, 0.115823, 0.0282629]], "gen0-raw-d-score": [2.67624e+06, 1.54441e+06, 1.91068e+06, 1.54434e+06, 1.55546e+06, 1.54434e+06, 1.55905e+06], "gen0-norm-d-score": [1.73205, 0.613766, 1.11814, 0.60438, 0.487451, 0.60438, 0.492606], "gen0-sparsity": 1.31955e+11, "gen0-raw-winner": [1311, 687967, 905049, 1.04526e+06], "gen0-norm-winner": [0.566502, 9.67501e-05, 0.210596, 0], "gen0-winner-naw-d-score": 1.54434e+06, "gen0-winner-norm-d-score": 0.60438, "gen0-time": 10743, "gen1-front": [[1311, 687967, 905049, 1.04526e+06], [1317, 687924, 905121, 1.04533e+06], [1251, 690429, 891720, 1.07126e+06], [1257, 692858, 888477, 1.07759e+06], [1575, 829639, 868224, 1.48612e+06], [966, 1.13237e+06, 1.04308e+06, 2.18906e+06], [1311, 687967, 905049, 1.04526e+06], [966, 1.13237e+06, 1.04308e+06, 2.18906e+06], [1311, 687967, 905049, 1.04526e+06]], "gen1-norm-front": [[0.566502, 9.67501e-05, 0.210596, 0], [0.576355, 0, 0.211008, 6.29482e-05], [0.46798, 0.00563626, 0.13437, 0.0227252], [0.477833, 0.0111015, 0.115823, 0.0282629], [1, 0.318859, 0, 0.385438], [0, 1, 1, 1], [0.566502, 9.67501e-05, 0.210596, 0], [0, 1, 1, 1], [0.566502, 9.67501e-05, 0.210596, 0]], "gen1-raw-d-score": [2.18408e+06, 2.19195e+06, 2.20229e+06, 2.46603e+06, 3.28831e+06, 3.08986e+06, 3.08986e+06, 3.08986e+06, 1.54434e+06], "gen1-norm-d-score": [0.980301, 0.917955, 1.21666, 1.22184, 2.13803, 1.83447, 1.91995, 1.83447, 0.60438], "gen1-sparsity": 9.89662e+10, "gen1-raw-winner": [1311, 687967, 905049, 1.04526e+06], "gen1-norm-winner": [0.566502, 9.67501e-05, 0.210596, 0], "gen1-winner-raw-d-score": 1.54434e+06, "gen1-winner-norm-d-score": 0.60438, "gen1-time": 9945, "gen2-front": [[1311, 687967, 905049, 1.04526e+06], [1317, 687924, 905121, 1.04533e+06], [1311, 687967, 905049, 1.04526e+06], [1251, 690429, 891720, 1.07126e+06], [1257, 692858, 888477, 1.07759e+06], [1575, 829639, 868224, 1.48612e+06], [966, 1.13237e+06, 1.04308e+06, 2.18906e+06], [1311, 687967, 905049, 1.04526e+06], [966, 1.13237e+06, 1.04308e+06, 2.18906e+06], [1311, 687967, 905049, 1.04526e+06]], "gen2-norm-front": [[0.566502, 9.67501e-05, 0.210596, 0], [0.576355, 0, 0.211008, 6.29482e-05], [0.566502, 9.67501e-05, 0.210596, 0], [0.46798, 0.00563626, 0.13437, 0.0227252], [0.477833, 0.0111015, 0.115823, 0.0282629], [1, 0.318859, 0, 0.385438], [0, 1, 1, 1], [0.566502, 9.67501e-05, 0.210596, 0], [0, 1, 1, 1], [0.566502, 9.67501e-05, 0.210596, 0]], "gen2-raw-d-score": [1.54434e+06, 1.54441e+06, 1.54434e+06, 1.55546e+06, 1.55905e+06, 1.91068e+06, 2.67624e+06, 1.54434e+06, 2.67624e+06, 1.54434e+06], "gen2-norm-d-score": [0.60438, 0.613766, 0.60438, 0.487451, 0.492606, 1.11814, 1.73205, 0.60438, 1.73205, 0.60438], "gen2-sparsity": 8.797e+10, "gen2-raw-winner": [1311, 687967, 905049, 1.04526e+06], "gen2-norm-winner": [0.566502, 9.67501e-05, 0.210596, 0], "gen2-winner-raw-d-score": 1.54434e+06, "gen2-winner-norm-d-score": 0.60438, "gen2-time": 10239, "gen3-front": [[1311, 687967, 905049, 1.04526e+06], [1317, 687924, 905121, 1.04533e+06], [1251, 690429, 891720, 1.07126e+06], [1257, 692858, 888477, 1.07759e+06], [1575, 829639, 868224, 1.48612e+06], [966, 1.13237e+06, 1.04308e+06, 2.18906e+06], [1311, 687967, 905049, 1.04526e+06], [966, 1.13237e+06, 1.04308e+06, 2.18906e+06]], "gen3-norm-front": [[0.566502, 9.67501e-05, 0.210596, 0], [0.576355, 0, 0.211008, 6.29482e-05], [0.46798, 0.00563626, 0.13437, 0.0227252], [0.477833, 0.0111015, 0.115823, 0.0282629], [1, 0.318859, 0, 0.385438], [0, 1, 1, 1], [0.566502, 9.67501e-05, 0.210596, 0], [0, 1, 1, 1]], "gen3-raw-d-score": [2.18408e+06, 2.19195e+06, 2.20229e+06, 2.46603e+06, 3.28831e+06, 3.08986e+06, 3.08986e+06, 2.67624e+06], "gen3-norm-d-score": [0.861385, 0.783784, 0.693015, 1.22184, 2.06161, 1.83447, 1.83447, 1.73205], "gen3-sparsity": 1.13104e+11, "gen3-raw-winner": [1317, 687924, 905121, 1.04533e+06], "gen3-norm-winner": [0.576355, 0, 0.211008, 6.29482e-05], "gen3-winner-raw-d-score": 2.19195e+06, "gen3-winner-norm-d-score": 0.783784, "gen3-time": 10170, "gen4-front": [[1317, 687924, 905121, 1.04533e+06], [1311, 687967, 905049, 1.04526e+06], [1251, 690429, 891720, 1.07126e+06], [1257, 692858, 888477, 1.07759e+06], [1575, 829639, 868224, 1.48612e+06], [966, 1.13237e+06, 1.04308e+06, 2.18906e+06], [1311, 687967, 905049, 1.04526e+06], [966, 1.13237e+06, 1.04308e+06, 2.18906e+06], [1242, 694550, 886997, 1.0861e+06], [1251, 690429, 891720, 1.07126e+06]], "gen4-norm-front": [[0.576355, 0, 0.211008, 6.29482e-05], [0.566502, 9.67501e-05, 0.210596, 0], [0.46798, 0.00563626, 0.13437, 0.0227252], [0.477833, 0.0111015, 0.115823, 0.0282629], [1, 0.318859, 0, 0.385438], [0, 1, 1, 1], [0.566502, 9.67501e-05, 0.210596, 0], [0, 1, 1, 1], [0.453202, 0.0149085, 0.10736, 0.0357047], [0.46798, 0.00563626, 0.13437, 0.0227252]], "gen4-raw-d-score": [2.29061e+06, 2.2988e+06, 2.35338e+06, 2.71359e+06, 3.3595e+06, 3.29082e+06, 3.16696e+06, 3.17612e+06, 2.20641e+06, 1.55546e+06], "gen4-norm-d-score": [0.980317, 0.911774, 1.25775, 1.57889, 2.13803, 2.08932, 1.88968, 1.85404, 0.675296, 0.487451], "gen4-sparsity": 8.71563e+10, "gen4-raw-winner": [1311, 687967, 905049, 1.04526e+06], "gen4-norm-winner": [0.566502, 9.67501e-05, 0.210596, 0], "gen4-winner-raw-d-score": 2.2988e+06, "gen4-winner-norm-d-score": 0.911774, "gen4-time": 10178, "gen5-front": [[1311, 687967, 905049, 1.04526e+06], [1317, 687924, 905121, 1.04533e+06], [1311, 687967, 905049, 1.04526e+06], [1251, 690429, 891720, 1.07126e+06], [1242, 694550, 886997, 1.0861e+06], [1251, 690429, 891720, 1.07126e+06], [1257, 692858, 888477, 1.07759e+06], [1575, 829639, 868224, 1.48612e+06], [966, 1.13237e+06, 1.04308e+06, 2.18906e+06], [1311, 687967, 905049, 1.04526e+06], [966, 1.13237e+06, 1.04308e+06, 2.18906e+06]], "gen5-norm-front": [[0.566502, 9.67501e-05, 0.210596, 0], [0.576355, 0, 0.211008, 6.29482e-05], [0.566502, 9.67501e-05, 0.210596, 0], [0.46798, 0.00563626, 0.13437, 0.0227252], [0.453202, 0.0149085, 0.10736, 0.0357047], [0.46798, 0.00563626, 0.13437, 0.0227252], [0.477833, 0.0111015, 0.115823, 0.0282629], [1, 0.318859, 0, 0.385438], [0, 1, 1, 1], [0.566502, 9.67501e-05, 0.210596, 0], [0, 1, 1, 1]], "gen5-raw-d-score": [2.46224e+06, 2.45806e+06, 2.46447e+06, 2.47792e+06, 2.47743e+06, 2.50843e+06, 2.90717e+06, 3.47928e+06, 3.45218e+06, 3.08986e+06, 2.67624e+06], "gen5-norm-d-score": [1.05226, 0.989483, 0.905552, 0.832536, 0.835396, 1.25775, 1.86893, 2.14837, 2.31631, 1.83447, 1.73205], "gen5-sparsity": 7.84407e+10, "gen5-raw-winner": [1311, 687967, 905049, 1.04526e+06], "gen5-norm-winner": [0.566502, 9.67501e-05, 0.210596, 0], "gen5-winner-raw-d-score": 2.46447e+06, "gen5-winner-norm-d-score": 0.905552, "gen5-time": 10110}, {"source": 75608, "target": 287676, "gen0-front": [[685, 2.85274e+06, 2.60199e+06, 5.58602e+06], [1221, 1.04278e+06, 1.20231e+06, 1.79355e+06], [1199, 1.12031e+06, 1.18015e+06, 2.00887e+06], [1524, 1.06916e+06, 1.42906e+06, 1.63859e+06], [1185, 1.04474e+06, 1.19357e+06, 1.80104e+06], [1521, 1.06904e+06, 1.42907e+06, 1.6386e+06], [1194, 1.0434e+06, 1.19778e+06, 1.7896e+06], [1521, 1.06904e+06, 1.42907e+06, 1.6386e+06]], "gen0-norm-front": [[0, 1, 1, 1], [0.638856, 0, 0.015584, 0.0392554], [0.612634, 0.0428362, 0, 0.0938035], [1, 0.0145754, 0.175064, 0], [0.595948, 0.001084, 0.009442, 0.0411546], [0.996424, 0.0145124, 0.175068, 3.29328e-06], [0.606675, 0.0003431, 0.012398, 0.0382558], [0.996424, 0.0145124, 0.175068, 3.29328e-06]], "gen0-raw-d-score": [6.79059e+06, 2.39786e+06, 2.58523e+06, 2.42287e+06, 2.39997e+06, 2.42283e+06, 2.39291e+06, 2.42283e+06], "gen0-norm-d-score": [1.73205, 0.64025, 0.621252, 1.01531, 0.597442, 1.01179, 0.608006, 1.01179], "gen0-sparsity": 2.47057e+12, "gen0-raw-winner": [1199, 1.12031e+06, 1.18015e+06, 2.00887e+06], "gen0-norm-winner": [0.612634, 0.0428362, 0, 0.0938035], "gen0-winner-naw-d-score": 2.58523e+06, "gen0-winner-norm-d-score": 0.621252, "gen0-time": 16226, "gen1-front": [[1199, 1.12031e+06, 1.18015e+06, 2.00887e+06], [1221, 1.04278e+06, 1.20231e+06, 1.79355e+06], [1185, 1.04474e+06, 1.19357e+06, 1.80104e+06], [1194, 1.0434e+06, 1.19778e+06, 1.7896e+06], [1521, 1.06904e+06, 1.42907e+06, 1.6386e+06], [1524, 1.06916e+06, 1.42906e+06, 1.63859e+06], [685, 2.85274e+06, 2.60199e+06, 5.58602e+06], [1194, 1.0434e+06, 1.19778e+06, 1.7896e+06], [685, 2.85274e+06, 2.60199e+06, 5.58602e+06], [1194, 1.0434e+06, 1.19778e+06, 1.7896e+06], [1521, 1.06904e+06, 1.42907e+06, 1.6386e+06]], "gen1-norm-front": [[0.612634, 0.0428362, 0, 0.0938035], [0.638856, 0, 0.015584, 0.0392554], [0.595948, 0.001084, 0.009442, 0.0411546], [0.606675, 0.0003431, 0.012398, 0.0382558], [0.996424, 0.0145124, 0.175068, 3.29328e-06], [1, 0.0145754, 0.175064, 0], [0, 1, 1, 1], [0.606675, 0.0003431, 0.012398, 0.0382558], [0, 1, 1, 1], [0.606675, 0.0003431, 0.012398, 0.0382558], [0.996424, 0.0145124, 0.175068, 3.29328e-06]], "gen1-raw-d-score": [3.86643e+06, 3.74606e+06, 3.83027e+06, 3.84466e+06, 5.16226e+06, 7.3828e+06, 8.16986e+06, 7.37302e+06, 7.41776e+06, 3.40531e+06, 2.42283e+06], "gen1-norm-d-score": [1.0729, 1.06539, 1.323, 1.557, 2.0136, 2.0974, 2.31726, 1.93336, 2.09604, 1.18042, 1.01179], "gen1-sparsity": 1.7294e+12, "gen1-raw-winner": [1221, 1.04278e+06, 1.20231e+06, 1.79355e+06], "gen1-norm-winner": [0.638856, 0, 0.015584, 0.0392554], "gen1-winner-raw-d-score": 3.74606e+06, "gen1-winner-norm-d-score": 1.06539, "gen1-time": 14954, "gen2-front": [[1221, 1.04278e+06, 1.20231e+06, 1.79355e+06], [1199, 1.12031e+06, 1.18015e+06, 2.00887e+06], [1521, 1.06904e+06, 1.42907e+06, 1.6386e+06], [1194, 1.0434e+06, 1.19778e+06, 1.7896e+06], [1185, 1.04474e+06, 1.19357e+06, 1.80104e+06], [1194, 1.0434e+06, 1.19778e+06, 1.7896e+06], [1521, 1.06904e+06, 1.42907e+06, 1.6386e+06], [1524, 1.06916e+06, 1.42906e+06, 1.63859e+06], [685, 2.85274e+06, 2.60199e+06, 5.58602e+06], [1194, 1.0434e+06, 1.19778e+06, 1.7896e+06], [685, 2.85274e+06, 2.60199e+06, 5.58602e+06]], "gen2-norm-front": [[0.638856, 0, 0.015584, 0.0392554], [0.612634, 0.0428362, 0, 0.0938035], [0.996424, 0.0145124, 0.175068, 3.29328e-06], [0.606675, 0.0003431, 0.012398, 0.0382558], [0.595948, 0.001084, 0.009442, 0.0411546], [0.606675, 0.0003431, 0.012398, 0.0382558], [0.996424, 0.0145124, 0.175068, 3.29328e-06], [1, 0.0145754, 0.175064, 0], [0, 1, 1, 1], [0.606675, 0.0003431, 0.012398, 0.0382558], [0, 1, 1, 1]], "gen2-raw-d-score": [3.95199e+06, 3.88289e+06, 3.75662e+06, 3.74289e+06, 3.83027e+06, 3.84466e+06, 5.16226e+06, 7.3828e+06, 8.16986e+06, 7.19987e+06, 6.79059e+06], "gen2-norm-d-score": [1.34892, 1.33337, 1.32236, 1.04633, 1.323, 1.557, 2.0136, 2.0974, 2.31726, 1.83567, 1.73205], "gen2-sparsity": 1.7294e+12, "gen2-raw-winner": [1199, 1.12031e+06, 1.18015e+06, 2.00887e+06], "gen2-norm-winner": [0.612634, 0.0428362, 0, 0.0938035], "gen2-winner-raw-d-score": 3.88289e+06, "gen2-winner-norm-d-score": 1.33337, "gen2-time": 15082, "gen3-front": [[1199, 1.12031e+06, 1.18015e+06, 2.00887e+06], [1221, 1.04278e+06, 1.20231e+06, 1.79355e+06], [1194, 1.0434e+06, 1.19778e+06, 1.7896e+06], [1521, 1.06904e+06, 1.42907e+06, 1.6386e+06], [1185, 1.04474e+06, 1.19357e+06, 1.80104e+06], [1194, 1.0434e+06, 1.19778e+06, 1.7896e+06], [1521, 1.06904e+06, 1.42907e+06, 1.6386e+06], [1524, 1.06916e+06, 1.42906e+06, 1.63859e+06], [685, 2.85274e+06, 2.60199e+06, 5.58602e+06], [1194, 1.0434e+06, 1.19778e+06, 1.7896e+06], [685, 2.85274e+06, 2.60199e+06, 5.58602e+06]], "gen3-norm-front": [[0.612634, 0.0428362, 0, 0.0938035], [0.638856, 0, 0.015584, 0.0392554], [0.606675, 0.0003431, 0.012398, 0.0382558], [0.996424, 0.0145124, 0.175068, 3.29328e-06], [0.595948, 0.001084, 0.009442, 0.0411546], [0.606675, 0.0003431, 0.012398, 0.0382558], [0.996424, 0.0145124, 0.175068, 3.29328e-06], [1, 0.0145754, 0.175064, 0], [0, 1, 1, 1], [0.606675, 0.0003431, 0.012398, 0.0382558], [0, 1, 1, 1]], "gen3-raw-d-score": [3.03584e+06, 2.8763e+06, 2.39291e+06, 2.42283e+06, 2.39997e+06, 2.39291e+06, 2.42283e+06, 4.55837e+06, 7.19987e+06, 2.39291e+06, 6.79059e+06], "gen3-norm-d-score": [0.891254, 0.882116, 1.18042, 1.01179, 0.597442, 0.608006, 1.01179, 1.01531, 1.83527, 1.53937, 1.73205], "gen3-sparsity": 1.7294e+12, "gen3-raw-winner": [1221, 1.04278e+06, 1.20231e+06, 1.79355e+06], "gen3-norm-winner": [0.638856, 0, 0.015584, 0.0392554], "gen3-winner-raw-d-score": 2.8763e+06, "gen3-winner-norm-d-score": 0.882116, "gen3-time": 14984, "gen4-front": [[1221, 1.04278e+06, 1.20231e+06, 1.79355e+06], [1199, 1.12031e+06, 1.18015e+06, 2.00887e+06], [1185, 1.04474e+06, 1.19357e+06, 1.80104e+06], [1194, 1.0434e+06, 1.19778e+06, 1.7896e+06], [1521, 1.06904e+06, 1.42907e+06, 1.6386e+06], [1524, 1.06916e+06, 1.42906e+06, 1.63859e+06], [1194, 1.0434e+06, 1.19778e+06, 1.7896e+06], [685, 2.85274e+06, 2.60199e+06, 5.58602e+06], [1194, 1.0434e+06, 1.19778e+06, 1.7896e+06], [685, 2.85274e+06, 2.60199e+06, 5.58602e+06]], "gen4-norm-front": [[0.638856, 0, 0.015584, 0.0392554], [0.612634, 0.0428362, 0, 0.0938035], [0.595948, 0.001084, 0.009442, 0.0411546], [0.606675, 0.0003431, 0.012398, 0.0382558], [0.996424, 0.0145124, 0.175068, 3.29328e-06], [1, 0.0145754, 0.175064, 0], [0.606675, 0.0003431, 0.012398, 0.0382558], [0, 1, 1, 1], [0.606675, 0.0003431, 0.012398, 0.0382558], [0, 1, 1, 1]], "gen4-raw-d-score": [3.67759e+06, 3.67858e+06, 3.55369e+06, 3.56921e+06, 3.58177e+06, 4.44235e+06, 7.27508e+06, 7.74444e+06, 7.19987e+06, 6.79059e+06], "gen4-norm-d-score": [1.07286, 1.05401, 1.31137, 1.54713, 1.55648, 1.54936, 1.93332, 2.09038, 1.83567, 1.73205], "gen4-sparsity": 1.92155e+12, "gen4-raw-winner": [1199, 1.12031e+06, 1.18015e+06, 2.00887e+06], "gen4-norm-winner": [0.612634, 0.0428362, 0, 0.0938035], "gen4-winner-raw-d-score": 3.67858e+06, "gen4-winner-norm-d-score": 1.05401, "gen4-time": 14910, "gen5-front": [[1199, 1.12031e+06, 1.18015e+06, 2.00887e+06], [1221, 1.04278e+06, 1.20231e+06, 1.79355e+06], [1185, 1.04474e+06, 1.19357e+06, 1.80104e+06], [1194, 1.0434e+06, 1.19778e+06, 1.7896e+06], [1524, 1.06916e+06, 1.42906e+06, 1.63859e+06], [1521, 1.06904e+06, 1.42907e+06, 1.6386e+06], [1194, 1.0434e+06, 1.19778e+06, 1.7896e+06], [685, 2.85274e+06, 2.60199e+06, 5.58602e+06], [1194, 1.0434e+06, 1.19778e+06, 1.7896e+06], [685, 2.85274e+06, 2.60199e+06, 5.58602e+06]], "gen5-norm-front": [[0.612634, 0.0428362, 0, 0.0938035], [0.638856, 0, 0.015584, 0.0392554], [0.595948, 0.001084, 0.009442, 0.0411546], [0.606675, 0.0003431, 0.012398, 0.0382558], [1, 0.0145754, 0.175064, 0], [0.996424, 0.0145124, 0.175068, 3.29328e-06], [0.606675, 0.0003431, 0.012398, 0.0382558], [0, 1, 1, 1], [0.606675, 0.0003431, 0.012398, 0.0382558], [0, 1, 1, 1]], "gen5-raw-d-score": [3.67759e+06, 3.54941e+06, 3.55373e+06, 3.5692e+06, 3.58177e+06, 4.44233e+06, 7.27508e+06, 7.74444e+06, 7.19987e+06, 6.79059e+06], "gen5-norm-d-score": [1.07286, 1.06532, 1.31409, 1.54713, 1.55648, 1.54706, 1.93332, 2.09038, 1.83567, 1.73205], "gen5-sparsity": 1.92155e+12, "gen5-raw-winner": [1221, 1.04278e+06, 1.20231e+06, 1.79355e+06], "gen5-norm-winner": [0.638856, 0, 0.015584, 0.0392554], "gen5-winner-raw-d-score": 3.54941e+06, "gen5-winner-norm-d-score": 1.06532, "gen5-time": 14724}, {"source": 270575, "target": 204881, "gen0-front": [[1167, 2.84419e+06, 2.58107e+06, 5.5863e+06], [1362, 639385, 884506, 958194], [1437, 712238, 849366, 1.1936e+06], [1350, 642668, 887134, 955186], [1356, 639428, 884434, 958122], [1347, 640944, 887598, 955650], [1359, 641152, 883970, 957658], [1356, 639428, 884434, 958122], [1347, 640944, 887598, 955650]], "gen0-norm-front": [[0, 1, 1, 1], [0.722222, 0, 0.0202921, 0.000649519], [1, 0.0330428, 0, 0.05148], [0.677778, 0.00148902, 0.0218097, 0], [0.7, 1.95028e-05, 0.0202505, 0.000633972], [0.666667, 0.000707091, 0.0220776, 0.000100192], [0.711111, 0.00080143, 0.0199826, 0.000533781], [0.7, 1.95028e-05, 0.0202505, 0.000633972], [0.666667, 0.000707091, 0.0220776, 0.000100192]], "gen0-raw-d-score": [6.77924e+06, 1.45234e+06, 1.62892e+06, 1.45341e+06, 1.45227e+06, 1.45324e+06, 1.45244e+06, 1.45227e+06, 1.45324e+06], "gen0-norm-d-score": [1.73205, 0.722508, 1.00187, 0.67813, 0.700293, 0.667033, 0.711392, 0.700293, 0.667033], "gen0-sparsity": 3.3463e+12, "gen0-raw-winner": [1350, 642668, 887134, 955186], "gen0-norm-winner": [0.677778, 0.00148902, 0.0218097, 0], "gen0-winner-naw-d-score": 1.45341e+06, "gen0-winner-norm-d-score": 0.67813, "gen0-time": 9370, "gen1-front": [[1350, 642668, 887134, 955186], [1362, 639385, 884506, 958194], [1347, 640944, 887598, 955650], [1356, 639428, 884434, 958122], [1359, 641152, 883970, 957658], [1437, 712238, 849366, 1.1936e+06], [1167, 2.84419e+06, 2.58107e+06, 5.5863e+06], [1356, 639428, 884434, 958122], [1167, 2.84419e+06, 2.58107e+06, 5.5863e+06], [1356, 639428, 884434, 958122]], "gen1-norm-front": [[0.677778, 0.00148902, 0.0218097, 0], [0.722222, 0, 0.0202921, 0.000649519], [0.666667, 0.000707091, 0.0220776, 0.000100192], [0.7, 1.95028e-05, 0.0202505, 0.000633972], [0.711111, 0.00080143, 0.0199826, 0.000533781], [1, 0.0330428, 0, 0.05148], [0, 1, 1, 1], [0.7, 1.95028e-05, 0.0202505, 0.000633972], [0, 1, 1, 1], [0.7, 1.95028e-05, 0.0202505, 0.000633972]], "gen1-raw-d-score": [1.45341e+06, 1.45234e+06, 1.45324e+06, 1.45227e+06, 1.45244e+06, 1.62892e+06, 6.77924e+06, 1.45227e+06, 6.77924e+06, 1.45227e+06], "gen1-norm-d-score": [0.67813, 1.45341e+06, 0.667033, 0.700293, 0.711392, 1.00187, 1.73205, 0.700293, 1.73205, 0.700293], "gen1-sparsity": 2.97449e+12, "gen1-raw-winner": [1350, 642668, 887134, 955186], "gen1-norm-winner": [0.677778, 0.00148902, 0.0218097, 0], "gen1-winner-raw-d-score": 1.45341e+06, "gen1-winner-norm-d-score": 0.67813, "gen1-time": 8518, "gen2-front": [[1350, 642668, 887134, 955186], [1362, 639385, 884506, 958194], [1347, 640944, 887598, 955650], [1356, 639428, 884434, 958122], [1359, 641152, 883970, 957658], [1437, 712238, 849366, 1.1936e+06], [1167, 2.84419e+06, 2.58107e+06, 5.5863e+06], [1356, 639428, 884434, 958122], [1167, 2.84419e+06, 2.58107e+06, 5.5863e+06]], "gen2-norm-front": [[0.677778, 0.00148902, 0.0218097, 0], [0.722222, 0, 0.0202921, 0.000649519], [0.666667, 0.000707091, 0.0220776, 0.000100192], [0.7, 1.95028e-05, 0.0202505, 0.000633972], [0.711111, 0.00080143, 0.0199826, 0.000533781], [1, 0.0330428, 0, 0.05148], [0, 1, 1, 1], [0.7, 1.95028e-05, 0.0202505, 0.000633972], [0, 1, 1, 1]], "gen2-raw-d-score": [2.05468e+06, 2.05456e+06, 2.05451e+06, 2.05394e+06, 2.18242e+06, 6.9722e+06, 6.93306e+06, 6.93305e+06, 6.77924e+06], "gen2-norm-d-score": [1.19429, 1.20704, 1.20043, 1.41297, 1.22875, 2.11984, 1.86826, 1.86826, 1.73205], "gen2-sparsity": 3.3463e+12, "gen2-raw-winner": [1350, 642668, 887134, 955186], "gen2-norm-winner": [0.677778, 0.00148902, 0.0218097, 0], "gen2-winner-raw-d-score": 2.05468e+06, "gen2-winner-norm-d-score": 1.19429, "gen2-time": 9347, "gen3-front": [[1350, 642668, 887134, 955186], [1362, 639385, 884506, 958194], [1347, 640944, 887598, 955650], [1359, 641152, 883970, 957658], [1356, 639428, 884434, 958122], [1437, 712238, 849366, 1.1936e+06], [1167, 2.84419e+06, 2.58107e+06, 5.5863e+06], [1356, 639428, 884434, 958122], [1167, 2.84419e+06, 2.58107e+06, 5.5863e+06], [1356, 639428, 884434, 958122]], "gen3-norm-front": [[0.677778, 0.00148902, 0.0218097, 0], [0.722222, 0, 0.0202921, 0.000649519], [0.666667, 0.000707091, 0.0220776, 0.000100192], [0.711111, 0.00080143, 0.0199826, 0.000533781], [0.7, 1.95028e-05, 0.0202505, 0.000633972], [1, 0.0330428, 0, 0.05148], [0, 1, 1, 1], [0.7, 1.95028e-05, 0.0202505, 0.000633972], [0, 1, 1, 1], [0.7, 1.95028e-05, 0.0202505, 0.000633972]], "gen3-raw-d-score": [1.45341e+06, 1.45234e+06, 1.45324e+06, 1.45244e+06, 1.45227e+06, 1.62892e+06, 6.77924e+06, 1.45227e+06, 6.77924e+06, 1.45227e+06], "gen3-norm-d-score": [0.67813, 0.722508, 0.667033, 0.711392, 712239, 1.00187, 1.73205, 0.700293, 1.86815, 639429], "gen3-sparsity": 2.97449e+12, "gen3-raw-winner": [1350, 642668, 887134, 955186], "gen3-norm-winner": [0.677778, 0.00148902, 0.0218097, 0], "gen3-winner-raw-d-score": 1.45341e+06, "gen3-winner-norm-d-score": 0.67813, "gen3-time": 9373, "gen4-front": [[1350, 642668, 887134, 955186], [1362, 639385, 884506, 958194], [1347, 640944, 887598, 955650], [1356, 639428, 884434, 958122], [1359, 641152, 883970, 957658], [1437, 712238, 849366, 1.1936e+06], [1356, 639428, 884434, 958122], [1167, 2.84419e+06, 2.58107e+06, 5.5863e+06], [1356, 639428, 884434, 958122], [1167, 2.84419e+06, 2.58107e+06, 5.5863e+06]], "gen4-norm-front": [[0.677778, 0.00148902, 0.0218097, 0], [0.722222, 0, 0.0202921, 0.000649519], [0.666667, 0.000707091, 0.0220776, 0.000100192], [0.7, 1.95028e-05, 0.0202505, 0.000633972], [0.711111, 0.00080143, 0.0199826, 0.000533781], [1, 0.0330428, 0, 0.05148], [0.7, 1.95028e-05, 0.0202505, 0.000633972], [0, 1, 1, 1], [0.7, 1.95028e-05, 0.0202505, 0.000633972], [0, 1, 1, 1]], "gen4-raw-d-score": [2.15233e+06, 2.15176e+06, 2.15223e+06, 2.17393e+06, 2.27417e+06, 3.58496e+06, 6.96248e+06, 7.49378e+06, 6.93305e+06, 6.77924e+06], "gen4-norm-d-score": [1.19429, 1.20704, 1.20043, 1.41336, 1.41415, 1.57929, 1.9951, 2.11906, 1.86826, 1.73205], "gen4-sparsity": 2.97449e+12, "gen4-raw-winner": [1350, 642668, 887134, 955186], "gen4-norm-winner": [0.677778, 0.00148902, 0.0218097, 0], "gen4-winner-raw-d-score": 2.15233e+06, "gen4-winner-norm-d-score": 1.19429, "gen4-time": 9241, "gen5-front": [[1350, 642668, 887134, 955186], [1362, 639385, 884506, 958194], [1347, 640944, 887598, 955650], [1356, 639428, 884434, 958122], [1359, 641152, 883970, 957658], [1437, 712238, 849366, 1.1936e+06], [1356, 639428, 884434, 958122], [1167, 2.84419e+06, 2.58107e+06, 5.5863e+06], [1356, 639428, 884434, 958122], [1167, 2.84419e+06, 2.58107e+06, 5.5863e+06]], "gen5-norm-front": [[0.677778, 0.00148902, 0.0218097, 0], [0.722222, 0, 0.0202921, 0.000649519], [0.666667, 0.000707091, 0.0220776, 0.000100192], [0.7, 1.95028e-05, 0.0202505, 0.000633972], [0.711111, 0.00080143, 0.0199826, 0.000533781], [1, 0.0330428, 0, 0.05148], [0.7, 1.95028e-05, 0.0202505, 0.000633972], [0, 1, 1, 1], [0.7, 1.95028e-05, 0.0202505, 0.000633972], [0, 1, 1, 1]], "gen5-raw-d-score": [2.15233e+06, 2.15176e+06, 2.15223e+06, 2.17393e+06, 2.27417e+06, 3.58496e+06, 6.96248e+06, 7.49378e+06, 6.93305e+06, 6.77924e+06], "gen5-norm-d-score": [1.19429, 1.20704, 1.20043, 1.41336, 1.41415, 1.57929, 1.9951, 2.11906, 1.86826, 1.73205], "gen5-sparsity": 2.97449e+12, "gen5-raw-winner": [1350, 642668, 887134, 955186], "gen5-norm-winner": [0.677778, 0.00148902, 0.0218097, 0], "gen5-winner-raw-d-score": 2.15233e+06, "gen5-winner-norm-d-score": 1.19429, "gen5-time": 9392}, {"source": 26936, "target": 192481, "gen0-front": [[840, 703274, 691545, 1.33173e+06], [999, 448126, 589699, 688738], [1014, 539788, 541676, 1.00062e+06], [999, 448126, 589699, 688738]], "gen0-norm-front": [[0, 1, 1, 1], [0.913793, 0, 0.320433, 0], [1, 0.35925, 0, 0.485038], [0.913793, 0, 0.320433, 0]], "gen0-raw-d-score": [1.65721e+06, 1.0114e+06, 1.25937e+06, 1.0114e+06], "gen0-norm-d-score": [1.73205, 0.968347, 1.16804, 0.968347], "gen0-sparsity": 8.49049e+10, "gen0-raw-winner": [999, 448126, 589699, 688738], "gen0-norm-winner": [0.913793, 0, 0.320433, 0], "gen0-winner-naw-d-score": 1.0114e+06, "gen0-winner-norm-d-score": 0.968347, "gen0-time": 7224, "gen1-front": [[999, 448126, 589699, 688738], [1014, 539788, 541676, 1.00062e+06], [840, 703274, 691545, 1.33173e+06], [999, 448126, 589699, 688738], [969, 452428, 568344, 722573], [840, 703274, 691545, 1.33173e+06], [999, 448126, 589699, 688738], [969, 452428, 568344, 722573], [999, 448126, 589699, 688738]], "gen1-norm-front": [[0.913793, 0, 0.320433, 0], [1, 0.35925, 0, 0.485038], [0, 1, 1, 1], [0.913793, 0, 0.320433, 0], [0.741379, 0.0168608, 0.177942, 0.0526209], [0, 1, 1, 1], [0.913793, 0, 0.320433, 0], [0.741379, 0.0168608, 0.177942, 0.0526209], [0.913793, 0, 0.320433, 0]], "gen1-raw-d-score": [1.61522e+06, 2.08143e+06, 1.94146e+06, 1.4397e+06, 1.94837e+06, 1.94146e+06, 1.4397e+06, 1.4397e+06, 1.0114e+06], "gen1-norm-d-score": [1.51724, 2.28021, 2.11833, 1.23372, 2.10223, 2.11833, 1.53528, 1.23372, 0.968347], "gen1-sparsity": 2.92511e+10, "gen1-raw-winner": [999, 448126, 589699, 688738], "gen1-norm-winner": [0.913793, 0, 0.320433, 0], "gen1-winner-raw-d-score": 1.0114e+06, "gen1-winner-norm-d-score": 0.968347, "gen1-time": 6686, "gen2-front": [[999, 448126, 589699, 688738], [969, 452428, 568344, 722573], [1014, 539788, 541676, 1.00062e+06], [840, 703274, 691545, 1.33173e+06], [999, 448126, 589699, 688738], [969, 452428, 568344, 722573], [840, 703274, 691545, 1.33173e+06], [999, 448126, 589699, 688738]], "gen2-norm-front": [[0.913793, 0, 0.320433, 0], [0.741379, 0.0168608, 0.177942, 0.0526209], [1, 0.35925, 0, 0.485038], [0, 1, 1, 1], [0.913793, 0, 0.320433, 0], [0.741379, 0.0168608, 0.177942, 0.0526209], [0, 1, 1, 1], [0.913793, 0, 0.320433, 0]], "gen2-raw-d-score": [1.4397e+06, 1.62353e+06, 2.08143e+06, 1.94146e+06, 1.4397e+06, 1.94837e+06, 1.94146e+06, 1.0114e+06], "gen2-norm-d-score": [1.23372, 1.39595, 2.0891, 1.98436, 1.23372, 1.89324, 1.98436, 0.968347], "gen2-sparsity": 3.34299e+10, "gen2-raw-winner": [999, 448126, 589699, 688738], "gen2-norm-winner": [0.913793, 0, 0.320433, 0], "gen2-winner-raw-d-score": 1.0114e+06, "gen2-winner-norm-d-score": 0.968347, "gen2-time": 7071, "gen3-front": [[999, 448126, 589699, 688738], [969, 452428, 568344, 722573], [1014, 539788, 541676, 1.00062e+06], [840, 703274, 691545, 1.33173e+06], [999, 448126, 589699, 688738], [969, 452428, 568344, 722573], [840, 703274, 691545, 1.33173e+06], [999, 448126, 589699, 688738]], "gen3-norm-front": [[0.913793, 0, 0.320433, 0], [0.741379, 0.0168608, 0.177942, 0.0526209], [1, 0.35925, 0, 0.485038], [0, 1, 1, 1], [0.913793, 0, 0.320433, 0], [0.741379, 0.0168608, 0.177942, 0.0526209], [0, 1, 1, 1], [0.913793, 0, 0.320433, 0]], "gen3-raw-d-score": [1.4397e+06, 1.62353e+06, 2.08143e+06, 1.94146e+06, 1.4397e+06, 1.94837e+06, 1.94146e+06, 1.0114e+06], "gen3-norm-d-score": [1.23372, 1.39595, 2.0891, 1.98436, 1.23372, 1.89324, 1.98436, 0.968347], "gen3-sparsity": 3.34299e+10, "gen3-raw-winner": [999, 448126, 589699, 688738], "gen3-norm-winner": [0.913793, 0, 0.320433, 0], "gen3-winner-raw-d-score": 1.0114e+06, "gen3-winner-norm-d-score": 0.968347, "gen3-time": 7121, "gen4-front": [[999, 448126, 589699, 688738], [969, 452428, 568344, 722573], [1014, 539788, 541676, 1.00062e+06], [840, 703274, 691545, 1.33173e+06], [999, 448126, 589699, 688738], [969, 452428, 568344, 722573], [840, 703274, 691545, 1.33173e+06], [948, 457838, 555549, 750269], [999, 448126, 589699, 688738]], "gen4-norm-front": [[0.913793, 0, 0.320433, 0], [0.741379, 0.0168608, 0.177942, 0.0526209], [1, 0.35925, 0, 0.485038], [0, 1, 1, 1], [0.913793, 0, 0.320433, 0], [0.741379, 0.0168608, 0.177942, 0.0526209], [0, 1, 1, 1], [0.62069, 0.0380642, 0.0925675, 0.0956944], [0.913793, 0, 0.320433, 0]], "gen4-raw-d-score": [1.0114e+06, 1.02461e+06, 1.25937e+06, 1.65721e+06, 1.0114e+06, 1.02461e+06, 1.65721e+06, 1.45054e+06, 1.0114e+06], "gen4-norm-d-score": [0.968347, 0.764434, 1.16804, 1.73205, 0.968347, 0.764434, 1.73205, 0.635949, 0.968347], "gen4-sparsity": 2.73625e+10, "gen4-raw-winner": [999, 448126, 589699, 688738], "gen4-norm-winner": [0.913793, 0, 0.320433, 0], "gen4-winner-raw-d-score": 1.0114e+06, "gen4-winner-norm-d-score": 0.968347, "gen4-time": 7089, "gen5-front": [[999, 448126, 589699, 688738], [948, 457838, 555549, 750269], [969, 452428, 568344, 722573], [1014, 539788, 541676, 1.00062e+06], [840, 703274, 691545, 1.33173e+06], [999, 448126, 589699, 688738], [969, 452428, 568344, 722573], [840, 703274, 691545, 1.33173e+06], [999, 448126, 589699, 688738]], "gen5-norm-front": [[0.913793, 0, 0.320433, 0], [0.62069, 0.0380642, 0.0925675, 0.0956944], [0.741379, 0.0168608, 0.177942, 0.0526209], [1, 0.35925, 0, 0.485038], [0, 1, 1, 1], [0.913793, 0, 0.320433, 0], [0.741379, 0.0168608, 0.177942, 0.0526209], [0, 1, 1, 1], [0.913793, 0, 0.320433, 0]], "gen5-raw-d-score": [1.45054e+06, 1.45979e+06, 1.62353e+06, 2.08143e+06, 1.94146e+06, 1.4397e+06, 1.94837e+06, 1.94146e+06, 1.0114e+06], "gen5-norm-d-score": [1.37542, 1.41024, 1.39595, 2.28021, 2.11833, 1.23372, 2.10223, 1.98436, 0.968347], "gen5-sparsity": 2.73625e+10, "gen5-raw-winner": [999, 448126, 589699, 688738], "gen5-norm-winner": [0.913793, 0, 0.320433, 0], "gen5-winner-raw-d-score": 1.0114e+06, "gen5-winner-norm-d-score": 0.968347, "gen5-time": 7072}, {"source": 222062, "target": 292478, "gen0-front": [[1003, 4.85629e+06, 4.33874e+06, 9.43368e+06], [2094, 1.35974e+06, 1.70976e+06, 2.19145e+06], [2595, 1.63889e+06, 1.65735e+06, 3.01195e+06], [2376, 1.37381e+06, 1.81044e+06, 2.12805e+06], [2073, 1.37574e+06, 1.68653e+06, 2.25137e+06], [2094, 1.35974e+06, 1.70976e+06, 2.19145e+06], [2079, 1.37203e+06, 1.69246e+06, 2.23135e+06], [2376, 1.37381e+06, 1.81044e+06, 2.12805e+06], [2094, 1.35974e+06, 1.70976e+06, 2.19145e+06]], "gen0-norm-front": [[0, 1, 1, 1], [0.685302, 0, 0.0195473, 0.00867851], [1, 0.0798361, 0, 0.12099], [0.862437, 0.00402311, 0.0570958, 0], [0.672111, 0.00457594, 0.0108843, 0.0168808], [0.685302, 0, 0.0195473, 0.00867851], [0.675879, 0.00351489, 0.0130932, 0.0141398], [0.862437, 0.00402311, 0.0570958, 0], [0.685302, 0, 0.0195473, 0.00867851]], "gen0-raw-d-score": [1.18734e+07, 4.90707e+06, 4.91918e+06, 4.41581e+06, 4.40232e+06, 4.39323e+06, 4.40675e+06, 4.38957e+06, 3.09429e+06], "gen0-norm-d-score": [2.11426, 1.49496, 1.48991, 1.29185, 1.17434, 1.29271, 1.2938, 1.10325, 0.685635], "gen0-sparsity": 7.33096e+12, "gen0-raw-winner": [2094, 1.35974e+06, 1.70976e+06, 2.19145e+06], "gen0-norm-winner": [0.685302, 0, 0.0195473, 0.00867851], "gen0-winner-naw-d-score": 3.09429e+06, "gen0-winner-norm-d-score": 0.685635, "gen0-time": 14178, "gen1-front": [[2094, 1.35974e+06, 1.70976e+06, 2.19145e+06], [2376, 1.37381e+06, 1.81044e+06, 2.12805e+06], [2094, 1.35974e+06, 1.70976e+06, 2.19145e+06], [2073, 1.37574e+06, 1.68653e+06, 2.25137e+06], [2079, 1.37203e+06, 1.69246e+06, 2.23135e+06], [2595, 1.63889e+06, 1.65735e+06, 3.01195e+06], [1003, 4.85629e+06, 4.33874e+06, 9.43368e+06], [2094, 1.35974e+06, 1.70976e+06, 2.19145e+06], [1003, 4.85629e+06, 4.33874e+06, 9.43368e+06], [2094, 1.35974e+06, 1.70976e+06, 2.19145e+06]], "gen1-norm-front": [[0.685302, 0, 0.0195473, 0.00867851], [0.862437, 0.00402311, 0.0570958, 0], [0.685302, 0, 0.0195473, 0.00867851], [0.672111, 0.00457594, 0.0108843, 0.0168808], [0.675879, 0.00351489, 0.0130932, 0.0141398], [1, 0.0798361, 0, 0.12099], [0, 1, 1, 1], [0.685302, 0, 0.0195473, 0.00867851], [0, 1, 1, 1], [0.685302, 0, 0.0195473, 0.00867851]], "gen1-raw-d-score": [4.59535e+06, 4.38957e+06, 3.38634e+06, 3.4188e+06, 3.11862e+06, 3.8085e+06, 1.14631e+07, 3.09429e+06, 1.18734e+07, 3.09429e+06], "gen1-norm-d-score": [1.10325, 1.09491, 0.685635, 0.953406, 1.21582, 1.01045, 2.11426, 1.86282, 1.73205, 0.685635], "gen1-sparsity": 6.51641e+12, "gen1-raw-winner": [2094, 1.35974e+06, 1.70976e+06, 2.19145e+06], "gen1-norm-winner": [0.685302, 0, 0.0195473, 0.00867851], "gen1-winner-raw-d-score": 3.38634e+06, "gen1-winner-norm-d-score": 0.685635, "gen1-time": 12912, "gen2-front": [[2094, 1.35974e+06, 1.70976e+06, 2.19145e+06], [2376, 1.37381e+06, 1.81044e+06, 2.12805e+06], [2094, 1.35974e+06, 1.70976e+06, 2.19145e+06], [2073, 1.37574e+06, 1.68653e+06, 2.25137e+06], [2595, 1.63889e+06, 1.65735e+06, 3.01195e+06], [2079, 1.37203e+06, 1.69246e+06, 2.23135e+06], [1003, 4.85629e+06, 4.33874e+06, 9.43368e+06], [2094, 1.35974e+06, 1.70976e+06, 2.19145e+06], [1003, 4.85629e+06, 4.33874e+06, 9.43368e+06]], "gen2-norm-front": [[0.685302, 0, 0.0195473, 0.00867851], [0.862437, 0.00402311, 0.0570958, 0], [0.685302, 0, 0.0195473, 0.00867851], [0.672111, 0.00457594, 0.0108843, 0.0168808], [1, 0.0798361, 0, 0.12099], [0.675879, 0.00351489, 0.0130932, 0.0141398], [0, 1, 1, 1], [0.685302, 0, 0.0195473, 0.00867851], [0, 1, 1, 1]], "gen2-raw-d-score": [4.38957e+06, 4.38957e+06, 4.40232e+06, 4.93056e+06, 4.92244e+06, 1.18797e+07, 1.18734e+07, 1.18734e+07, 1.14631e+07], "gen2-norm-d-score": [1.29877, 1.29186, 1.38645, 1.38924, 1.21582, 1.98162, 1.86282, 1.86282, 1.73205], "gen2-sparsity": 7.33096e+12, "gen2-raw-winner": [2376, 1.37381e+06, 1.81044e+06, 2.12805e+06], "gen2-norm-winner": [0.862437, 0.00402311, 0.0570958, 0], "gen2-winner-raw-d-score": 4.38957e+06, "gen2-winner-norm-d-score": 1.29186, "gen2-time": 13404, "gen3-front": [[2376, 1.37381e+06, 1.81044e+06, 2.12805e+06], [2094, 1.35974e+06, 1.70976e+06, 2.19145e+06], [2595, 1.63889e+06, 1.65735e+06, 3.01195e+06], [2073, 1.37574e+06, 1.68653e+06, 2.25137e+06], [2079, 1.37203e+06, 1.69246e+06, 2.23135e+06], [1003, 4.85629e+06, 4.33874e+06, 9.43368e+06], [2094, 1.35974e+06, 1.70976e+06, 2.19145e+06], [1003, 4.85629e+06, 4.33874e+06, 9.43368e+06], [2079, 1.37203e+06, 1.69246e+06, 2.23135e+06]], "gen3-norm-front": [[0.862437, 0.00402311, 0.0570958, 0], [0.685302, 0, 0.0195473, 0.00867851], [1, 0.0798361, 0, 0.12099], [0.672111, 0.00457594, 0.0108843, 0.0168808], [0.675879, 0.00351489, 0.0130932, 0.0141398], [0, 1, 1, 1], [0.685302, 0, 0.0195473, 0.00867851], [0, 1, 1, 1], [0.675879, 0.00351489, 0.0130932, 0.0141398]], "gen3-raw-d-score": [3.11346e+06, 3.09429e+06, 4.92244e+06, 3.13141e+06, 3.11862e+06, 1.14631e+07, 3.09429e+06, 1.14631e+07, 3.11862e+06], "gen3-norm-d-score": [0.864334, 0.685635, 1.01045, 0.672426, 0.676163, 1.73205, 0.685635, 1.73205, 0.676163], "gen3-sparsity": 7.33096e+12, "gen3-raw-winner": [2094, 1.35974e+06, 1.70976e+06, 2.19145e+06], "gen3-norm-winner": [0.685302, 0, 0.0195473, 0.00867851], "gen3-winner-raw-d-score": 3.09429e+06, "gen3-winner-norm-d-score": 0.685635, "gen3-time": 13315, "gen4-front": [[2094, 1.35974e+06, 1.70976e+06, 2.19145e+06], [2376, 1.37381e+06, 1.81044e+06, 2.12805e+06], [2073, 1.37574e+06, 1.68653e+06, 2.25137e+06], [2079, 1.37203e+06, 1.69246e+06, 2.23135e+06], [2595, 1.63889e+06, 1.65735e+06, 3.01195e+06], [1003, 4.85629e+06, 4.33874e+06, 9.43368e+06], [2094, 1.35974e+06, 1.70976e+06, 2.19145e+06], [1003, 4.85629e+06, 4.33874e+06, 9.43368e+06], [2364, 1.37311e+06, 1.80803e+06, 2.12916e+06]], "gen4-norm-front": [[0.685302, 0, 0.0195473, 0.00867851], [0.862437, 0.00402311, 0.0570958, 0], [0.672111, 0.00457594, 0.0108843, 0.0168808], [0.675879, 0.00351489, 0.0130932, 0.0141398], [1, 0.0798361, 0, 0.12099], [0, 1, 1, 1], [0.685302, 0, 0.0195473, 0.00867851], [0, 1, 1, 1], [0.854899, 0.00382348, 0.056194, 0.000152074]], "gen4-raw-d-score": [3.09429e+06, 3.11346e+06, 3.13141e+06, 3.11862e+06, 3.8085e+06, 1.14631e+07, 3.09429e+06, 1.14631e+07, 3.11251e+06], "gen4-norm-d-score": [0.685635, 0.864334, 0.672426, 0.676163, 1.01045, 1.73205, 0.685635, 1.73205, 0.856753], "gen4-sparsity": 7.33089e+12, "gen4-raw-winner": [2094, 1.35974e+06, 1.70976e+06, 2.19145e+06], "gen4-norm-winner": [0.685302, 0, 0.0195473, 0.00867851], "gen4-winner-raw-d-score": 3.09429e+06, "gen4-winner-norm-d-score": 0.685635, "gen4-time": 13333, "gen5-front": [[2094, 1.35974e+06, 1.70976e+06, 2.19145e+06], [2376, 1.37381e+06, 1.81044e+06, 2.12805e+06], [2073, 1.37574e+06, 1.68653e+06, 2.25137e+06], [2079, 1.37203e+06, 1.69246e+06, 2.23135e+06], [2364, 1.37311e+06, 1.80803e+06, 2.12916e+06], [2595, 1.63889e+06, 1.65735e+06, 3.01195e+06], [1003, 4.85629e+06, 4.33874e+06, 9.43368e+06], [2094, 1.35974e+06, 1.70976e+06, 2.19145e+06], [1003, 4.85629e+06, 4.33874e+06, 9.43368e+06], [2094, 1.35974e+06, 1.70976e+06, 2.19145e+06]], "gen5-norm-front": [[0.685302, 0, 0.0195473, 0.00867851], [0.862437, 0.00402311, 0.0570958, 0], [0.672111, 0.00457594, 0.0108843, 0.0168808], [0.675879, 0.00351489, 0.0130932, 0.0141398], [0.854899, 0.00382348, 0.056194, 0.000152074], [1, 0.0798361, 0, 0.12099], [0, 1, 1, 1], [0.685302, 0, 0.0195473, 0.00867851], [0, 1, 1, 1], [0.685302, 0, 0.0195473, 0.00867851]], "gen5-raw-d-score": [3.09429e+06, 3.40387e+06, 3.4188e+06, 3.40753e+06, 3.51763e+06, 1.20792e+07, 1.15435e+07, 5.75832e+06, 1.14631e+07, 3.09429e+06], "gen5-norm-d-score": [1.10178, 1.28688, 0.9536, 0.676163, 1.32478, 1.42162, 1.86282, 1.21247, 1.73205, 0.685635], "gen5-sparsity": 6.51634e+12, "gen5-raw-winner": [2094, 1.35974e+06, 1.70976e+06, 2.19145e+06], "gen5-norm-winner": [0.685302, 0, 0.0195473, 0.00867851], "gen5-winner-raw-d-score": 3.09429e+06, "gen5-winner-norm-d-score": 0.685635, "gen5-time": 13373}, {"source": 228035, "target": 64799, "gen0-front": [[873, 774693, 815472, 1.40569e+06], [1011, 572795, 778401, 833194], [1086, 679826, 728483, 1.20369e+06], [1077, 575256, 788969, 826929], [1011, 573146, 778150, 832567], [1077, 575256, 788969, 826929], [1011, 572795, 778401, 833194], [1011, 573146, 778150, 832567], [984, 576332, 765995, 859734]], "gen0-norm-front": [[0, 1, 1, 1], [0.647887, 0, 0.573843, 0.0108248], [1, 0.530124, 0, 0.650971], [0.957746, 0.0121893, 0.695329, 0], [0.647887, 0.0017385, 0.570957, 0.00974143], [0.957746, 0.0121893, 0.695329, 0], [0.647887, 0, 0.573843, 0.0108248], [0.647887, 0.0017385, 0.570957, 0.00974143], [0.521127, 0.0175187, 0.431227, 0.056681]], "gen0-raw-d-score": [2.20666e+06, 2.01741e+06, 2.01963e+06, 1.80676e+06, 1.80676e+06, 1.80705e+06, 1.80427e+06, 1.81252e+06, 1.28765e+06], "gen0-norm-d-score": [2.17926, 1.83609, 1.87762, 1.75044, 1.60203, 1.60307, 1.32913, 1.09859, 0.679006], "gen0-sparsity": 2.27416e+10, "gen0-raw-winner": [1011, 572795, 778401, 833194], "gen0-norm-winner": [0.647887, 0, 0.573843, 0.0108248], "gen0-winner-naw-d-score": 1.80427e+06, "gen0-winner-norm-d-score": 1.32913, "gen0-time": 7363, "gen1-front": [[1011, 572795, 778401, 833194], [1077, 575256, 788969, 826929], [1011, 572795, 778401, 833194], [984, 576332, 765995, 859734], [1011, 573146, 778150, 832567], [1086, 679826, 728483, 1.20369e+06], [873, 774693, 815472, 1.40569e+06], [1011, 573146, 778150, 832567], [1077, 575256, 788969, 826929], [1011, 573146, 778150, 832567], [984, 576332, 765995, 859734], [873, 774693, 815472, 1.40569e+06], [1011, 572795, 778401, 833194]], "gen1-norm-front": [[0.647887, 0, 0.573843, 0.0108248], [0.957746, 0.0121893, 0.695329, 0], [0.647887, 0, 0.573843, 0.0108248], [0.521127, 0.0175187, 0.431227, 0.056681], [0.647887, 0.0017385, 0.570957, 0.00974143], [1, 0.530124, 0, 0.650971], [0, 1, 1, 1], [0.647887, 0.0017385, 0.570957, 0.00974143], [0.957746, 0.0121893, 0.695329, 0], [0.647887, 0.0017385, 0.570957, 0.00974143], [0.521127, 0.0175187, 0.431227, 0.056681], [0, 1, 1, 1], [0.647887, 0, 0.573843, 0.0108248]], "gen1-raw-d-score": [2.21216e+06, 2.21889e+06, 2.21663e+06, 2.3931e+06, 2.7037e+06, 2.70371e+06, 2.55059e+06, 2.21169e+06, 2.21866e+06, 2.55467e+06, 2.55487e+06, 2.20666e+06, 1.27602e+06], "gen1-norm-d-score": [1.78068, 1.74094, 1.71932, 1.70637, 2.42289, 2.52347, 2.35935, 1.77881, 1.61487, 2.15097, 2.05188, 1.93628, 0.865546], "gen1-sparsity": 1.51611e+10, "gen1-raw-winner": [1011, 572795, 778401, 833194], "gen1-norm-winner": [0.647887, 0, 0.573843, 0.0108248], "gen1-winner-raw-d-score": 1.27602e+06, "gen1-winner-norm-d-score": 0.865546, "gen1-time": 6792, "gen2-front": [[1011, 572795, 778401, 833194], [1077, 575256, 788969, 826929], [1011, 572795, 778401, 833194], [1077, 575256, 788969, 826929], [1011, 572795, 778401, 833194], [984, 576332, 765995, 859734], [1011, 573146, 778150, 832567], [984, 576332, 765995, 859734], [1011, 573146, 778150, 832567], [1077, 575256, 788969, 826929], [1011, 573146, 778150, 832567], [1077, 575256, 788969, 826929], [1011, 573146, 778150, 832567]], "gen2-norm-front": [[0.290323, 0, 0.540002, 0.190977], [1, 0.695787, 1, 0], [0.290323, 0, 0.540002, 0.190977], [1, 0.695787, 1, 0], [0.290323, 0, 0.540002, 0.190977], [0, 1, 0, 1], [0.290323, 0.0992366, 0.529076, 0.171864], [0, 1, 0, 1], [0.290323, 0.0992366, 0.529076, 0.171864], [1, 0.695787, 1, 0], [0.290323, 0.0992366, 0.529076, 0.171864], [1