{"data": [{"source": 200128, "target": 37658, "gen0-front": [[966, 1.13237e+06, 1.04308e+06, 2.18906e+06], [1317, 687924, 905121, 1.04533e+06], [1575, 829639, 868224, 1.48612e+06], [1311, 687967, 905049, 1.04526e+06], [1251, 690429, 891720, 1.07126e+06], [1311, 687967, 905049, 1.04526e+06], [1251, 690429, 891720, 1.07126e+06], [1311, 687967, 905049, 1.04526e+06], [1257, 692858, 888477, 1.07759e+06], [1311, 687967, 905049, 1.04526e+06]], "gen0-norm-front": [[0, 1, 1, 1], [0.576355, 0, 0.211008, 6.29482e-05], [1, 0.318859, 0, 0.385438], [0.566502, 9.67501e-05, 0.210596, 0], [0.46798, 0.00563626, 0.13437, 0.0227252], [0.566502, 9.67501e-05, 0.210596, 0], [0.46798, 0.00563626, 0.13437, 0.0227252], [0.566502, 9.67501e-05, 0.210596, 0], [0.477833, 0.0111015, 0.115823, 0.0282629], [0.566502, 9.67501e-05, 0.210596, 0]], "gen0-raw-d-score": [2.67624e+06, 1.54441e+06, 1.91068e+06, 1.54434e+06, 1.55546e+06, 1.54434e+06, 1.55546e+06, 2.18403e+06, 1.7041e+06, 1.54434e+06], "gen0-norm-d-score": [687968, 0.613766, 1.11814, 0.60438, 0.487451, 0.60438, 690430, 0.60438, 0.492606, 0.60438], "gen0-sparsity": 8.797e+10, "gen0-raw-winner": [1251, 690429, 891720, 1.07126e+06], "gen0-norm-winner": [0.46798, 0.00563626, 0.13437, 0.0227252], "gen0-winner-naw-d-score": 1.55546e+06, "gen0-winner-norm-d-score": 0.487451, "gen0-time": 7503, "gen1-front": [[1251, 690429, 891720, 1.07126e+06], [1257, 692858, 888477, 1.07759e+06], [1311, 687967, 905049, 1.04526e+06], [1317, 687924, 905121, 1.04533e+06], [1251, 690429, 891720, 1.07126e+06], [1575, 829639, 868224, 1.48612e+06], [966, 1.13237e+06, 1.04308e+06, 2.18906e+06], [1311, 687967, 905049, 1.04526e+06], [966, 1.13237e+06, 1.04308e+06, 2.18906e+06]], "gen1-norm-front": [[0.46798, 0.00563626, 0.13437, 0.0227252], [0.477833, 0.0111015, 0.115823, 0.0282629], [0.566502, 9.67501e-05, 0.210596, 0], [0.576355, 0, 0.211008, 6.29482e-05], [0.46798, 0.00563626, 0.13437, 0.0227252], [1, 0.318859, 0, 0.385438], [0, 1, 1, 1], [0.566502, 9.67501e-05, 0.210596, 0], [0, 1, 1, 1]], "gen1-raw-d-score": [1.55546e+06, 2.19445e+06, 1.54434e+06, 1.54441e+06, 1.55546e+06, 3.28831e+06, 2.67624e+06, 1.54434e+06, 2.67624e+06], "gen1-norm-d-score": [0.487451, 0.492606, 0.835141, 0.613766, 1.21977, 1.11814, 1.73205, 0.60438, 1.73205], "gen1-sparsity": 9.89662e+10, "gen1-raw-winner": [1251, 690429, 891720, 1.07126e+06], "gen1-norm-winner": [0.46798, 0.00563626, 0.13437, 0.0227252], "gen1-winner-raw-d-score": 1.55546e+06, "gen1-winner-norm-d-score": 0.487451, "gen1-time": 6824, "gen2-front": [[1251, 690429, 891720, 1.07126e+06], [1257, 692858, 888477, 1.07759e+06], [1311, 687967, 905049, 1.04526e+06], [1317, 687924, 905121, 1.04533e+06], [1311, 687967, 905049, 1.04526e+06], [1251, 690429, 891720, 1.07126e+06], [1575, 829639, 868224, 1.48612e+06], [966, 1.13237e+06, 1.04308e+06, 2.18906e+06], [1311, 687967, 905049, 1.04526e+06], [966, 1.13237e+06, 1.04308e+06, 2.18906e+06], [1311, 687967, 905049, 1.04526e+06]], "gen2-norm-front": [[0.46798, 0.00563626, 0.13437, 0.0227252], [0.477833, 0.0111015, 0.115823, 0.0282629], [0.566502, 9.67501e-05, 0.210596, 0], [0.576355, 0, 0.211008, 6.29482e-05], [0.566502, 9.67501e-05, 0.210596, 0], [0.46798, 0.00563626, 0.13437, 0.0227252], [1, 0.318859, 0, 0.385438], [0, 1, 1, 1], [0.566502, 9.67501e-05, 0.210596, 0], [0, 1, 1, 1], [0.566502, 9.67501e-05, 0.210596, 0]], "gen2-raw-d-score": [1.55546e+06, 1.55905e+06, 1.54434e+06, 1.54441e+06, 1.54434e+06, 1.55546e+06, 1.91068e+06, 2.67624e+06, 1.54434e+06, 2.67624e+06, 1.54434e+06], "gen2-norm-d-score": [0.487451, 0.492606, 0.60438, 0.613766, 0.60438, 0.487451, 1.11814, 1.73205, 0.60438, 1.73205, 0.60438], "gen2-sparsity": 7.9173e+10, "gen2-raw-winner": [1251, 690429, 891720, 1.07126e+06], "gen2-norm-winner": [0.46798, 0.00563626, 0.13437, 0.0227252], "gen2-winner-raw-d-score": 1.55546e+06, "gen2-winner-norm-d-score": 0.487451, "gen2-time": 7017, "gen3-front": [[1251, 690429, 891720, 1.07126e+06], [1257, 692858, 888477, 1.07759e+06], [1311, 687967, 905049, 1.04526e+06], [1317, 687924, 905121, 1.04533e+06], [1575, 829639, 868224, 1.48612e+06], [966, 1.13237e+06, 1.04308e+06, 2.18906e+06], [1311, 687967, 905049, 1.04526e+06], [966, 1.13237e+06, 1.04308e+06, 2.18906e+06]], "gen3-norm-front": [[0.46798, 0.00563626, 0.13437, 0.0227252], [0.477833, 0.0111015, 0.115823, 0.0282629], [0.566502, 9.67501e-05, 0.210596, 0], [0.576355, 0, 0.211008, 6.29482e-05], [1, 0.318859, 0, 0.385438], [0, 1, 1, 1], [0.566502, 9.67501e-05, 0.210596, 0], [0, 1, 1, 1]], "gen3-raw-d-score": [2.20229e+06, 2.19445e+06, 2.18408e+06, 2.45681e+06, 3.28831e+06, 3.08986e+06, 3.08986e+06, 2.67624e+06], "gen3-norm-d-score": [0.693015, 0.779703, 0.861385, 1.27552, 2.06161, 1.83447, 1.83447, 1.73205], "gen3-sparsity": 1.13104e+11, "gen3-raw-winner": [1251, 690429, 891720, 1.07126e+06], "gen3-norm-winner": [0.46798, 0.00563626, 0.13437, 0.0227252], "gen3-winner-raw-d-score": 2.20229e+06, "gen3-winner-norm-d-score": 0.693015, "gen3-time": 6651, "gen4-front": [[1251, 690429, 891720, 1.07126e+06], [1257, 692858, 888477, 1.07759e+06], [1311, 687967, 905049, 1.04526e+06], [1317, 687924, 905121, 1.04533e+06], [1311, 687967, 905049, 1.04526e+06], [1575, 829639, 868224, 1.48612e+06], [966, 1.13237e+06, 1.04308e+06, 2.18906e+06], [1311, 687967, 905049, 1.04526e+06], [966, 1.13237e+06, 1.04308e+06, 2.18906e+06], [1257, 690386, 891792, 1.07133e+06], [1257, 692858, 888477, 1.07759e+06]], "gen4-norm-front": [[0.46798, 0.00563626, 0.13437, 0.0227252], [0.477833, 0.0111015, 0.115823, 0.0282629], [0.566502, 9.67501e-05, 0.210596, 0], [0.576355, 0, 0.211008, 6.29482e-05], [0.566502, 9.67501e-05, 0.210596, 0], [1, 0.318859, 0, 0.385438], [0, 1, 1, 1], [0.566502, 9.67501e-05, 0.210596, 0], [0, 1, 1, 1], [0.477833, 0.00553951, 0.134781, 0.0227881], [0.477833, 0.0111015, 0.115823, 0.0282629]], "gen4-raw-d-score": [2.47841e+06, 2.47146e+06, 2.46224e+06, 2.49245e+06, 2.8993e+06, 3.47928e+06, 3.45218e+06, 3.28925e+06, 3.29414e+06, 2.20234e+06, 1.55905e+06], "gen4-norm-d-score": [0.919536, 0.992293, 1.05226, 1.35781, 1.90145, 2.14837, 2.31631, 1.90047, 1.86786, 0.699786, 0.492606], "gen4-sparsity": 7.91727e+10, "gen4-raw-winner": [1257, 692858, 888477, 1.07759e+06], "gen4-norm-winner": [0.477833, 0.0111015, 0.115823, 0.0282629], "gen4-winner-raw-d-score": 1.55905e+06, "gen4-winner-norm-d-score": 0.492606, "gen4-time": 6959, "gen5-front": [[1257, 692858, 888477, 1.07759e+06], [1257, 690386, 891792, 1.07133e+06], [1251, 690429, 891720, 1.07126e+06], [1257, 692858, 888477, 1.07759e+06], [1311, 687967, 905049, 1.04526e+06], [1317, 687924, 905121, 1.04533e+06], [1311, 687967, 905049, 1.04526e+06], [1575, 829639, 868224, 1.48612e+06], [966, 1.13237e+06, 1.04308e+06, 2.18906e+06], [1311, 687967, 905049, 1.04526e+06], [966, 1.13237e+06, 1.04308e+06, 2.18906e+06]], "gen5-norm-front": [[0.477833, 0.0111015, 0.115823, 0.0282629], [0.477833, 0.00553951, 0.134781, 0.0227881], [0.46798, 0.00563626, 0.13437, 0.0227252], [0.477833, 0.0111015, 0.115823, 0.0282629], [0.566502, 9.67501e-05, 0.210596, 0], [0.576355, 0, 0.211008, 6.29482e-05], [0.566502, 9.67501e-05, 0.210596, 0], [1, 0.318859, 0, 0.385438], [0, 1, 1, 1], [0.566502, 9.67501e-05, 0.210596, 0], [0, 1, 1, 1]], "gen5-raw-d-score": [2.4743e+06, 2.47155e+06, 2.47841e+06, 2.47146e+06, 2.46224e+06, 2.49245e+06, 2.8993e+06, 3.47928e+06, 3.45218e+06, 3.08986e+06, 2.67624e+06], "gen5-norm-d-score": [0.852522, 0.852356, 0.919536, 0.992293, 1.05226, 1.35781, 1.90145, 2.14837, 2.31631, 1.83447, 1.73205], "gen5-sparsity": 7.91727e+10, "gen5-raw-winner": [1257, 690386, 891792, 1.07133e+06], "gen5-norm-winner": [0.477833, 0.00553951, 0.134781, 0.0227881], "gen5-winner-raw-d-score": 2.47155e+06, "gen5-winner-norm-d-score": 0.852356, "gen5-time": 6748}, {"source": 75608, "target": 287676, "gen0-front": [[685, 2.85274e+06, 2.60199e+06, 5.58602e+06], [1221, 1.04278e+06, 1.20231e+06, 1.79355e+06], [1199, 1.12031e+06, 1.18015e+06, 2.00887e+06], [1524, 1.06916e+06, 1.42906e+06, 1.63859e+06], [1521, 1.06904e+06, 1.42907e+06, 1.6386e+06], [1194, 1.0434e+06, 1.19778e+06, 1.7896e+06], [1521, 1.06904e+06, 1.42907e+06, 1.6386e+06]], "gen0-norm-front": [[0, 1, 1, 1], [0.638856, 0, 0.015584, 0.0392554], [0.612634, 0.0428362, 0, 0.0938035], [1, 0.0145754, 0.175064, 0], [0.996424, 0.0145124, 0.175068, 3.29328e-06], [0.606675, 0.0003431, 0.012398, 0.0382558], [0.996424, 0.0145124, 0.175068, 3.29328e-06]], "gen0-raw-d-score": [6.9746e+06, 2.89786e+06, 3.14145e+06, 3.00922e+06, 2.89715e+06, 2.98515e+06, 2.42283e+06], "gen0-norm-d-score": [1.84618, 0.887173, 1.1903, 1.43338, 1.1798, 1.18042, 1.01179], "gen0-sparsity": 2.88288e+12, "gen0-raw-winner": [1221, 1.04278e+06, 1.20231e+06, 1.79355e+06], "gen0-norm-winner": [0.638856, 0, 0.015584, 0.0392554], "gen0-winner-naw-d-score": 2.89786e+06, "gen0-winner-norm-d-score": 0.887173, "gen0-time": 10927, "gen1-front": [[1221, 1.04278e+06, 1.20231e+06, 1.79355e+06], [1521, 1.06904e+06, 1.42907e+06, 1.6386e+06], [1194, 1.0434e+06, 1.19778e+06, 1.7896e+06], [1199, 1.12031e+06, 1.18015e+06, 2.00887e+06], [1524, 1.06916e+06, 1.42906e+06, 1.63859e+06], [685, 2.85274e+06, 2.60199e+06, 5.58602e+06], [1194, 1.0434e+06, 1.19778e+06, 1.7896e+06], [685, 2.85274e+06, 2.60199e+06, 5.58602e+06], [1188, 1.04358e+06, 1.196e+06, 1.79514e+06], [1194, 1.0434e+06, 1.19778e+06, 1.7896e+06]], "gen1-norm-front": [[0.638856, 0, 0.015584, 0.0392554], [0.996424, 0.0145124, 0.175068, 3.29328e-06], [0.606675, 0.0003431, 0.012398, 0.0382558], [0.612634, 0.0428362, 0, 0.0938035], [1, 0.0145754, 0.175064, 0], [0, 1, 1, 1], [0.606675, 0.0003431, 0.012398, 0.0382558], [0, 1, 1, 1], [0.599523, 0.000443655, 0.0111496, 0.0396595], [0.606675, 0.0003431, 0.012398, 0.0382558]], "gen1-raw-d-score": [3.5649e+06, 3.58486e+06, 3.68138e+06, 4.54883e+06, 7.28499e+06, 7.74444e+06, 7.27511e+06, 7.27618e+06, 3.38645e+06, 2.39291e+06], "gen1-norm-d-score": [1.34227, 1.33062, 1.32508, 1.55461, 2.09736, 2.09038, 1.93109, 1.93111, 0.854867, 0.608006], "gen1-sparsity": 1.92184e+12, "gen1-raw-winner": [1194, 1.0434e+06, 1.19778e+06, 1.7896e+06], "gen1-norm-winner": [0.606675, 0.0003431, 0.012398, 0.0382558], "gen1-winner-raw-d-score": 2.39291e+06, "gen1-winner-norm-d-score": 0.608006, "gen1-time": 10096, "gen2-front": [[1194, 1.0434e+06, 1.19778e+06, 1.7896e+06], [1188, 1.04358e+06, 1.196e+06, 1.79514e+06], [1194, 1.0434e+06, 1.19778e+06, 1.7896e+06], [1521, 1.06904e+06, 1.42907e+06, 1.6386e+06], [1221, 1.04278e+06, 1.20231e+06, 1.79355e+06], [1199, 1.12031e+06, 1.18015e+06, 2.00887e+06], [1194, 1.0434e+06, 1.19778e+06, 1.7896e+06], [1524, 1.06916e+06, 1.42906e+06, 1.63859e+06], [685, 2.85274e+06, 2.60199e+06, 5.58602e+06], [1194, 1.0434e+06, 1.19778e+06, 1.7896e+06], [685, 2.85274e+06, 2.60199e+06, 5.58602e+06]], "gen2-norm-front": [[0.606675, 0.0003431, 0.012398, 0.0382558], [0.599523, 0.000443655, 0.0111496, 0.0396595], [0.606675, 0.0003431, 0.012398, 0.0382558], [0.996424, 0.0145124, 0.175068, 3.29328e-06], [0.638856, 0, 0.015584, 0.0392554], [0.612634, 0.0428362, 0, 0.0938035], [0.606675, 0.0003431, 0.012398, 0.0382558], [1, 0.0145754, 0.175064, 0], [0, 1, 1, 1], [0.606675, 0.0003431, 0.012398, 0.0382558], [0, 1, 1, 1]], "gen2-raw-d-score": [3.74051e+06, 3.82794e+06, 3.75886e+06, 3.77726e+06, 3.86736e+06, 3.94902e+06, 5.14828e+06, 7.3828e+06, 8.16986e+06, 7.19987e+06, 6.79059e+06], "gen2-norm-d-score": [1.04833, 1.32458, 1.3423, 1.34566, 1.07893, 1.33659, 1.84405, 2.0974, 2.31726, 1.83567, 1.73205], "gen2-sparsity": 1.72965e+12, "gen2-raw-winner": [1194, 1.0434e+06, 1.19778e+06, 1.7896e+06], "gen2-norm-winner": [0.606675, 0.0003431, 0.012398, 0.0382558], "gen2-winner-raw-d-score": 3.74051e+06, "gen2-winner-norm-d-score": 1.04833, "gen2-time": 9850, "gen3-front": [[1194, 1.0434e+06, 1.19778e+06, 1.7896e+06], [1221, 1.04278e+06, 1.20231e+06, 1.79355e+06], [1188, 1.04358e+06, 1.196e+06, 1.79514e+06], [1199, 1.12031e+06, 1.18015e+06, 2.00887e+06], [1194, 1.0434e+06, 1.19778e+06, 1.7896e+06], [1521, 1.06904e+06, 1.42907e+06, 1.6386e+06], [1194, 1.0434e+06, 1.19778e+06, 1.7896e+06], [1524, 1.06916e+06, 1.42906e+06, 1.63859e+06], [685, 2.85274e+06, 2.60199e+06, 5.58602e+06], [1194, 1.0434e+06, 1.19778e+06, 1.7896e+06], [685, 2.85274e+06, 2.60199e+06, 5.58602e+06]], "gen3-norm-front": [[0.606675, 0.0003431, 0.012398, 0.0382558], [0.638856, 0, 0.015584, 0.0392554], [0.599523, 0.000443655, 0.0111496, 0.0396595], [0.612634, 0.0428362, 0, 0.0938035], [0.606675, 0.0003431, 0.012398, 0.0382558], [0.996424, 0.0145124, 0.175068, 3.29328e-06], [0.606675, 0.0003431, 0.012398, 0.0382558], [1, 0.0145754, 0.175064, 0], [0, 1, 1, 1], [0.606675, 0.0003431, 0.012398, 0.0382558], [0, 1, 1, 1]], "gen3-raw-d-score": [2.39291e+06, 2.39786e+06, 2.39625e+06, 2.58523e+06, 2.39291e+06, 3.54309e+06, 3.38645e+06, 3.40534e+06, 6.79059e+06, 2.39291e+06, 6.79059e+06], "gen3-norm-d-score": [0.608006, 0.64025, 1.5366, 0.621252, 0.608006, 1.01179, 0.608006, 1.01531, 1.73205, 1.18042, 1.73205], "gen3-sparsity": 1.72965e+12, "gen3-raw-winner": [1194, 1.0434e+06, 1.19778e+06, 1.7896e+06], "gen3-norm-winner": [0.606675, 0.0003431, 0.012398, 0.0382558], "gen3-winner-raw-d-score": 2.39291e+06, "gen3-winner-norm-d-score": 0.608006, "gen3-time": 9965, "gen4-front": [[1194, 1.0434e+06, 1.19778e+06, 1.7896e+06], [1199, 1.12031e+06, 1.18015e+06, 2.00887e+06], [1221, 1.04278e+06, 1.20231e+06, 1.79355e+06], [1521, 1.06904e+06, 1.42907e+06, 1.6386e+06], [1194, 1.0434e+06, 1.19778e+06, 1.7896e+06], [1188, 1.04358e+06, 1.196e+06, 1.79514e+06], [1524, 1.06916e+06, 1.42906e+06, 1.63859e+06], [685, 2.85274e+06, 2.60199e+06, 5.58602e+06], [1194, 1.0434e+06, 1.19778e+06, 1.7896e+06], [685, 2.85274e+06, 2.60199e+06, 5.58602e+06]], "gen4-norm-front": [[0.606675, 0.0003431, 0.012398, 0.0382558], [0.612634, 0.0428362, 0, 0.0938035], [0.638856, 0, 0.015584, 0.0392554], [0.996424, 0.0145124, 0.175068, 3.29328e-06], [0.606675, 0.0003431, 0.012398, 0.0382558], [0.599523, 0.000443655, 0.0111496, 0.0396595], [1, 0.0145754, 0.175064, 0], [0, 1, 1, 1], [0.606675, 0.0003431, 0.012398, 0.0382558], [0, 1, 1, 1]], "gen4-raw-d-score": [2.39291e+06, 2.58523e+06, 2.39786e+06, 2.42283e+06, 2.39291e+06, 2.39625e+06, 2.42287e+06, 6.79059e+06, 2.39291e+06, 6.79059e+06], "gen4-norm-d-score": [0.608006, 0.621252, 0.64025, 1.01179, 0.608006, 0.600937, 1.01531, 1.73205, 0.608006, 1.73205], "gen4-sparsity": 1.92184e+12, "gen4-raw-winner": [1188, 1.04358e+06, 1.196e+06, 1.79514e+06], "gen4-norm-winner": [0.599523, 0.000443655, 0.0111496, 0.0396595], "gen4-winner-raw-d-score": 2.39625e+06, "gen4-winner-norm-d-score": 0.600937, "gen4-time": 9993, "gen5-front": [[1188, 1.04358e+06, 1.196e+06, 1.79514e+06], [1194, 1.0434e+06, 1.19778e+06, 1.7896e+06], [1199, 1.12031e+06, 1.18015e+06, 2.00887e+06], [1221, 1.04278e+06, 1.20231e+06, 1.79355e+06], [1521, 1.06904e+06, 1.42907e+06, 1.6386e+06], [1524, 1.06916e+06, 1.42906e+06, 1.63859e+06], [685, 2.85274e+06, 2.60199e+06, 5.58602e+06], [1194, 1.0434e+06, 1.19778e+06, 1.7896e+06], [685, 2.85274e+06, 2.60199e+06, 5.58602e+06]], "gen5-norm-front": [[0.599523, 0.000443655, 0.0111496, 0.0396595], [0.606675, 0.0003431, 0.012398, 0.0382558], [0.612634, 0.0428362, 0, 0.0938035], [0.638856, 0, 0.015584, 0.0392554], [0.996424, 0.0145124, 0.175068, 3.29328e-06], [1, 0.0145754, 0.175064, 0], [0, 1, 1, 1], [0.606675, 0.0003431, 0.012398, 0.0382558], [0, 1, 1, 1]], "gen5-raw-d-score": [3.38645e+06, 3.5227e+06, 3.52607e+06, 3.40879e+06, 3.42643e+06, 7.20988e+06, 7.19987e+06, 7.19987e+06, 6.79059e+06], "gen5-norm-d-score": [1.05172, 1.07878, 1.33744, 1.56001, 1.43338, 2.09736, 1.83567, 1.83567, 1.73205], "gen5-sparsity": 2.16207e+12, "gen5-raw-winner": [1188, 1.04358e+06, 1.196e+06, 1.79514e+06], "gen5-norm-winner": [0.599523, 0.000443655, 0.0111496, 0.0396595], "gen5-winner-raw-d-score": 3.38645e+06, "gen5-winner-norm-d-score": 1.05172, "gen5-time": 9809}, {"source": 270575, "target": 204881, "gen0-front": [[1167, 2.84419e+06, 2.58107e+06, 5.5863e+06], [1362, 639385, 884506, 958194], [1437, 712238, 849366, 1.1936e+06], [1350, 642668, 887134, 955186], [1341, 640677, 877205, 965810], [1347, 640944, 887598, 955650], [1341, 640677, 877205, 965810], [1356, 639428, 884434, 958122], [1341, 640677, 877205, 965810], [1428, 663869, 857858, 1.05107e+06]], "gen0-norm-front": [[0, 1, 1, 1], [0.722222, 0, 0.0202921, 0.000649519], [1, 0.0330428, 0, 0.05148], [0.677778, 0.00148902, 0.0218097, 0], [0.644444, 0.000585992, 0.016076, 0.00229405], [0.666667, 0.000707091, 0.0220776, 0.000100192], [0.644444, 0.000585992, 0.016076, 0.00229405], [0.7, 1.95028e-05, 0.0202505, 0.000633972], [0.644444, 0.000585992, 0.016076, 0.00229405], [0.966667, 0.0111048, 0.00490383, 0.0207049]], "gen0-raw-d-score": [6.96956e+06, 2.27502e+06, 2.27514e+06, 2.15313e+06, 2.15293e+06, 2.15256e+06, 2.15228e+06, 2.1593e+06, 2.09622e+06, 1.51043e+06], "gen0-norm-d-score": [2.12676, 1.40895, 1.37073, 1.14886, 1.12952, 1.16211, 1.14947, 1.35667, 1.16215, 0.966965], "gen0-sparsity": 2.9711e+12, "gen0-raw-winner": [1428, 663869, 857858, 1.05107e+06], "gen0-norm-winner": [0.966667, 0.0111048, 0.00490383, 0.0207049], "gen0-winner-naw-d-score": 1.51043e+06, "gen0-winner-norm-d-score": 0.966965, "gen0-time": 6502, "gen1-front": [[1428, 663869, 857858, 1.05107e+06], [1341, 640677, 877205, 965810], [1350, 642668, 887134, 955186], [1341, 640677, 877205, 965810], [1347, 640944, 887598, 955650], [1341, 640677, 877205, 965810], [1356, 639428, 884434, 958122], [1362, 639385, 884506, 958194], [1437, 712238, 849366, 1.1936e+06], [1167, 2.84419e+06, 2.58107e+06, 5.5863e+06], [1356, 639428, 884434, 958122], [1167, 2.84419e+06, 2.58107e+06, 5.5863e+06]], "gen1-norm-front": [[0.966667, 0.0111048, 0.00490383, 0.0207049], [0.644444, 0.000585992, 0.016076, 0.00229405], [0.677778, 0.00148902, 0.0218097, 0], [0.644444, 0.000585992, 0.016076, 0.00229405], [0.666667, 0.000707091, 0.0220776, 0.000100192], [0.644444, 0.000585992, 0.016076, 0.00229405], [0.7, 1.95028e-05, 0.0202505, 0.000633972], [0.722222, 0, 0.0202921, 0.000649519], [1, 0.0330428, 0, 0.05148], [0, 1, 1, 1], [0.7, 1.95028e-05, 0.0202505, 0.000633972], [0, 1, 1, 1]], "gen1-raw-d-score": [2.5508e+06, 2.51752e+06, 2.51735e+06, 2.51742e+06, 2.51669e+06, 2.51618e+06, 2.62141e+06, 7.12186e+06, 7.12184e+06, 9.69667e+06, 6.93305e+06, 6.77924e+06], "gen1-norm-d-score": [1.34553, 1.13622, 1.14907, 1.12964, 1.16229, 1.19499, 1.41992, 2.12738, 2.11994, 2.54763, 1.86826, 1.73205], "gen1-sparsity": 2.4309e+12, "gen1-raw-winner": [1341, 640677, 877205, 965810], "gen1-norm-winner": [0.644444, 0.000585992, 0.016076, 0.00229405], "gen1-winner-raw-d-score": 2.51742e+06, "gen1-winner-norm-d-score": 1.12964, "gen1-time": 5744, "gen2-front": [[1341, 640677, 877205, 965810], [1350, 642668, 887134, 955186], [1347, 640944, 887598, 955650], [1341, 640677, 877205, 965810], [1428, 663869, 857858, 1.05107e+06], [1356, 639428, 884434, 958122], [1362, 639385, 884506, 958194], [1437, 712238, 849366, 1.1936e+06], [1356, 639428, 884434, 958122]], "gen2-norm-front": [[0, 0.0177343, 0.72816, 0.0445619], [0.09375, 0.0450633, 0.987864, 0], [0.0625, 0.0213993, 1, 0.00194623], [0, 0.0177343, 0.72816, 0.0445619], [0.90625, 0.336074, 0.222118, 0.402194], [0.15625, 0.00059023, 0.917242, 0.0123149], [0.21875, 0, 0.919125, 0.0126169], [1, 1, 0, 1], [0.15625, 0.00059023, 0.917242, 0.0123149]], "gen2-raw-d-score": [2.05552e+06, 2.05532e+06, 2.0554e+06, 2.09622e+06, 2.09535e+06, 2.05387e+06, 2.18236e+06, 2.18231e+06, 1.45227e+06], "gen2-norm-d-score": [1.23415, 1.41105, 1.53563, 1.30471, 1.43495, 1.66093, 1.9792, 1.96619, 0.930537], "gen2-sparsity": 3.8683e+09, "gen2-raw-winner": [1356, 639428, 884434, 958122], "gen2-norm-winner": [0.15625, 0.00059023, 0.917242, 0.0123149], "gen2-winner-raw-d-score": 1.45227e+06, "gen2-winner-norm-d-score": 0.930537, "gen2-time": 5231, "gen3-front": [[1356, 639428, 884434, 958122], [1341, 640677, 877205, 965810], [1350, 642668, 887134, 955186], [1428, 663869, 857858, 1.05107e+06], [1356, 639428, 884434, 958122], [1362, 639385, 884506, 958194], [1347, 640944, 887598, 955650], [1437, 712238, 849366, 1.1936e+06], [1347, 640944, 887598, 955650], [1341, 640677, 877205, 965810], [1347, 640944, 887598, 955650], [1437, 712238, 849366, 1.1936e+06], [1356, 639428, 884434, 958122]], "gen3-norm-front": [[0.15625, 0.00059023, 0.917242, 0.0123149], [0, 0.0177343, 0.72816, 0.0445619], [0.09375, 0.0450633, 0.987864, 0], [0.90625, 0.336074, 0.222118, 0.402194], [0.15625, 0.00059023, 0.917242, 0.0123149], [0.21875, 0, 0.919125, 0.0126169], [0.0625, 0.0213993, 1, 0.00194623], [1, 1, 0, 1], [0.0625, 0.0213993, 1, 0.00194623], [0, 0.0177343, 0.72816, 0.0445619], [0.0625, 0.0213993, 1, 0.00194623], [1, 1, 0, 1], [0.15625, 0.00059023, 0.917242, 0.0123149]], "gen3-raw-d-score": [2.51679e+06, 2.5508e+06, 2.55008e+06, 2.54947e+06, 2.51601e+06, 2.62194e+06, 2.62244e+06, 2.6226e+06, 2.51725e+06, 2.6226e+06, 2.6219e+06, 2.18231e+06, 1.45227e+06], "gen3-norm-d-score": [1.79064, 1.6398, 1.74522, 1.70527, 1.93986, 2.21384, 2.23802, 2.13091, 1.88182, 2.13572, 2.20687, 1.96619, 0.930537], "gen3-sparsity": 2.57886e+09, "gen3-raw-winner": [1356, 639428, 884434, 958122], "gen3-norm-winner": [0.15625, 0.00059023, 0.917242, 0.0123149], "gen3-winner-raw-d-score": 1.45227e+06, "gen3-winner-norm-d-score": 0.930537, "gen3-time": 5229, "gen4-front": [[1356, 639428, 884434, 958122], [1341, 640677, 877205, 965810], [1428, 663869, 857858, 1.05107e+06], [1350, 642668, 887134, 955186], [1356, 639428, 884434, 958122], [1341, 640677, 877205, 965810], [1362, 639385, 884506, 958194], [1347, 640944, 887598, 955650], [1341, 640677, 877205, 965810], [1347, 640944, 887598, 955650]], "gen4-norm-front": [[0.172414, 0.00175625, 0.893611, 0.0306194], [0, 0.0527692, 0.650538, 0.110797], [1, 1, 0, 1], [0.103448, 0.134088, 0.984398, 0], [0.172414, 0.00175625, 0.893611, 0.0306194], [0, 0.0527692, 0.650538, 0.110797], [0.241379, 0, 0.896032, 0.0313703], [0.0689655, 0.0636742, 1, 0.00483903], [0, 0.0527692, 0.650538, 0.110797], [0.0689655, 0.0636742, 1, 0.00483903]], "gen4-raw-d-score": [2.1593e+06, 2.19253e+06, 2.1915e+06, 2.1522e+06, 2.1519e+06, 2.15241e+06, 2.15213e+06, 2.15301e+06, 2.0554e+06, 1.45324e+06], "gen4-norm-d-score": [1.80761, 1.86197, 2.00685, 1.35267, 1.1514, 1.1442, 1.36885, 1.20661, 1.20295, 1.00441], "gen4-sparsity": 9.13544e+08, "gen4-raw-winner": [1341, 640677, 877205, 965810], "gen4-norm-winner": [0, 0.0527692, 0.650538, 0.110797], "gen4-winner-raw-d-score": 2.15241e+06, "gen4-winner-norm-d-score": 1.1442, "gen4-time": 5189, "gen5-front": [[1341, 640677, 877205, 965810], [1356, 639428, 884434, 958122], [1341, 640677, 877205, 965810], [1350, 642668, 887134, 955186], [1362, 639385, 884506, 958194], [1356, 639428, 884434, 958122], [1341, 640677, 877205, 965810], [1347, 640944, 887598, 955650], [1428, 663869, 857858, 1.05107e+06], [1356, 639428, 884434, 958122], [1347, 640944, 887598, 955650], [1356, 639428, 884434, 958122], [1347, 640944, 887598, 955650], [1356, 639428, 884434, 958122], [1347, 640944, 887598, 955650], [1437, 712238, 849366, 1.1936e+06]], "gen5-norm-front": [[0, 0.0177343, 0.72816, 0.0445619], [0.15625, 0.00059023, 0.917242, 0.0123149], [0, 0.0177343, 0.72816, 0.0445619], [0.09375, 0.0450633, 0.987864, 0], [0.21875, 0, 0.919125, 0.0126169], [0.15625, 0.00059023, 0.917242, 0.0123149], [0, 0.0177343, 0.72816, 0.0445619], [0.0625, 0.0213993, 1, 0.00194623], [0.90625, 0.336074, 0.222118, 0.402194], [0.15625, 0.00059023, 0.917242, 0.0123149], [0.0625, 0.0213993, 1, 0.00194623], [0.15625, 0.00059023, 0.917242, 0.0123149], [0.0625, 0.0213993, 1, 0.00194623], [0.15625, 0.00059023, 0.917242, 0.0123149], [0.0625, 0.0213993, 1, 0.00194623], [1, 1, 0, 1]], "gen5-raw-d-score": [2.90637e+06, 2.90578e+06, 2.90578e+06, 2.90578e+06, 2.90569e+06, 2.93516e+06, 2.93516e+06, 2.93501e+06, 2.93453e+06, 2.90551e+06, 2.90551e+06, 2.90551e+06, 2.99771e+06, 2.6219e+06, 2.18295e+06, 1.62892e+06], "gen5-norm-d-score": [1.70811, 1.8105, 1.8105, 1.8105, 1.81537, 1.88364, 1.88364, 2.00499, 1.97015, 1.93405, 1.93405, 1.93405, 2.42376, 2.20687, 2.00109, 1.73205], "gen5-sparsity": 2.06309e+09, "gen5-raw-winner": [1341, 640677, 877205, 965810], "gen5-norm-winner": [0, 0.0177343, 0.72816, 0.0445619], "gen5-winner-raw-d-score": 2.90637e+06, "gen5-winner-norm-d-score": 1.70811, "gen5-time": 5224}, {"source": 26936, "target": 192481, "gen0-front": [[840, 703274, 691545, 1.33173e+06], [999, 448126, 589699, 688738], [1014, 539788, 541676, 1.00062e+06], [999, 448126, 589699, 688738], [969, 452428, 568344, 722573], [999, 448126, 589699, 688738]], "gen0-norm-front": [[0, 1, 1, 1], [0.913793, 0, 0.320433, 0], [1, 0.35925, 0, 0.485038], [0.913793, 0, 0.320433, 0], [0.741379, 0.0168608, 0.177942, 0.0526209], [0.913793, 0, 0.320433, 0]], "gen0-raw-d-score": [1.71673e+06, 1.14643e+06, 1.33672e+06, 1.10798e+06, 1.11832e+06, 1.0114e+06], "gen0-norm-d-score": [1.95832, 1.43762, 1.48302, 1.21968, 1.19138, 0.968347], "gen0-sparsity": 4.68018e+10, "gen0-raw-winner": [999, 448126, 589699, 688738], "gen0-norm-winner": [0.913793, 0, 0.320433, 0], "gen0-winner-naw-d-score": 1.0114e+06, "gen0-winner-norm-d-score": 0.968347, "gen0-time": 4948, "gen1-front": [[999, 448126, 589699, 688738], [969, 452428, 568344, 722573], [999, 448126, 589699, 688738], [1014, 539788, 541676, 1.00062e+06], [840, 703274, 691545, 1.33173e+06], [999, 448126, 589699, 688738], [969, 452428, 568344, 722573], [840, 703274, 691545, 1.33173e+06], [999, 448126, 589699, 688738], [948, 457838, 555549, 750269], [999, 448126, 589699, 688738]], "gen1-norm-front": [[0.913793, 0, 0.320433, 0], [0.741379, 0.0168608, 0.177942, 0.0526209], [0.913793, 0, 0.320433, 0], [1, 0.35925, 0, 0.485038], [0, 1, 1, 1], [0.913793, 0, 0.320433, 0], [0.741379, 0.0168608, 0.177942, 0.0526209], [0, 1, 1, 1], [0.913793, 0, 0.320433, 0], [0.62069, 0.0380642, 0.0925675, 0.0956944], [0.913793, 0, 0.320433, 0]], "gen1-raw-d-score": [1.61904e+06, 1.63019e+06, 1.89256e+06, 2.20928e+06, 2.07291e+06, 1.74516e+06, 2.0844e+06, 2.07063e+06, 1.62869e+06, 1.45054e+06, 1.0114e+06], "gen1-norm-d-score": [1.56836, 1.62822, 2.07413, 2.30261, 2.12586, 1.87671, 2.12651, 2.08158, 1.50991, 1.1585, 0.968347], "gen1-sparsity": 2.189e+10, "gen1-raw-winner": [999, 448126, 589699, 688738], "gen1-norm-winner": [0.913793, 0, 0.320433, 0], "gen1-winner-raw-d-score": 1.0114e+06, "gen1-winner-norm-d-score": 0.968347, "gen1-time": 4531, "gen2-front": [[999, 448126, 589699, 688738], [948, 457838, 555549, 750269], [999, 448126, 589699, 688738], [969, 452428, 568344, 722573], [999, 448126, 589699, 688738], [969, 452428, 568344, 722573], [1014, 539788, 541676, 1.00062e+06], [840, 703274, 691545, 1.33173e+06], [999, 448126, 589699, 688738], [969, 452428, 568344, 722573], [840, 703274, 691545, 1.33173e+06]], "gen2-norm-front": [[0.913793, 0, 0.320433, 0], [0.62069, 0.0380642, 0.0925675, 0.0956944], [0.913793, 0, 0.320433, 0], [0.741379, 0.0168608, 0.177942, 0.0526209], [0.913793, 0, 0.320433, 0], [0.741379, 0.0168608, 0.177942, 0.0526209], [1, 0.35925, 0, 0.485038], [0, 1, 1, 1], [0.913793, 0, 0.320433, 0], [0.741379, 0.0168608, 0.177942, 0.0526209], [0, 1, 1, 1]], "gen2-raw-d-score": [1.62869e+06, 1.62228e+06, 1.61904e+06, 1.61259e+06, 1.63019e+06, 1.89965e+06, 2.20928e+06, 2.07291e+06, 1.74516e+06, 1.94837e+06, 1.65721e+06], "gen2-norm-d-score": [1.50991, 1.38698, 1.56836, 1.4504, 1.62822, 1.98713, 2.30261, 2.12586, 1.87671, 1.89324, 1.73205], "gen2-sparsity": 2.189e+10, "gen2-raw-winner": [948, 457838, 555549, 750269], "gen2-norm-winner": [0.62069, 0.0380642, 0.0925675, 0.0956944], "gen2-winner-raw-d-score": 1.62228e+06, "gen2-winner-norm-d-score": 1.38698, "gen2-time": 4509, "gen3-front": [[948, 457838, 555549, 750269], [969, 452428, 568344, 722573], [999, 448126, 589699, 688738], [969, 452428, 568344, 722573], [1014, 539788, 541676, 1.00062e+06], [840, 703274, 691545, 1.33173e+06], [999, 448126, 589699, 688738], [969, 452428, 568344, 722573], [840, 703274, 691545, 1.33173e+06]], "gen3-norm-front": [[0.62069, 0.0380642, 0.0925675, 0.0956944], [0.741379, 0.0168608, 0.177942, 0.0526209], [0.913793, 0, 0.320433, 0], [0.741379, 0.0168608, 0.177942, 0.0526209], [1, 0.35925, 0, 0.485038], [0, 1, 1, 1], [0.913793, 0, 0.320433, 0], [0.741379, 0.0168608, 0.177942, 0.0526209], [0, 1, 1, 1]], "gen3-raw-d-score": [1.03979e+06, 1.62353e+06, 1.0114e+06, 1.02461e+06, 1.25937e+06, 1.65721e+06, 1.0114e+06, 1.02461e+06, 1.65721e+06], "gen3-norm-d-score": [0.635949, 0.764434, 0.968347, 0.764434, 1.16804, 1.73205, 0.968347, 0.764434, 1.02461e+06], "gen3-sparsity": 2.73625e+10, "gen3-raw-winner": [948, 457838, 555549, 750269], "gen3-norm-winner": [0.62069, 0.0380642, 0.0925675, 0.0956944], "gen3-winner-raw-d-score": 1.03979e+06, "gen3-winner-norm-d-score": 0.635949, "gen3-time": 4480, "gen4-front": [[948, 457838, 555549, 750269], [969, 452428, 568344, 722573], [999, 448126, 589699, 688738], [1014, 539788, 541676, 1.00062e+06], [840, 703274, 691545, 1.33173e+06], [999, 448126, 589699, 688738], [969, 452428, 568344, 722573], [840, 703274, 691545, 1.33173e+06], [999, 448126, 589699, 688738]], "gen4-norm-front": [[0.62069, 0.0380642, 0.0925675, 0.0956944], [0.741379, 0.0168608, 0.177942, 0.0526209], [0.913793, 0, 0.320433, 0], [1, 0.35925, 0, 0.485038], [0, 1, 1, 1], [0.913793, 0, 0.320433, 0], [0.741379, 0.0168608, 0.177942, 0.0526209], [0, 1, 1, 1], [0.913793, 0, 0.320433, 0]], "gen4-raw-d-score": [1.45979e+06, 1.4397e+06, 1.61522e+06, 2.08143e+06, 1.94146e+06, 1.4397e+06, 1.94837e+06, 1.94146e+06, 1.0114e+06], "gen4-norm-d-score": [1.35048, 1.5881, 1.51724, 2.28021, 2.11833, 1.23372, 2.10223, 1.98436, 0.968347], "gen4-sparsity": 2.73625e+10, "gen4-raw-winner": [999, 448126, 589699, 688738], "gen4-norm-winner": [0.913793, 0, 0.320433, 0], "gen4-winner-raw-d-score": 1.0114e+06, "gen4-winner-norm-d-score": 0.968347, "gen4-time": 4780, "gen5-front": [[999, 448126, 589699, 688738], [948, 457838, 555549, 750269], [999, 448126, 589699, 688738], [969, 452428, 568344, 722573], [1014, 539788, 541676, 1.00062e+06], [840, 703274, 691545, 1.33173e+06], [999, 448126, 589699, 688738], [969, 452428, 568344, 722573], [840, 703274, 691545, 1.33173e+06], [969, 452428, 568344, 722573]], "gen5-norm-front": [[0.913793, 0, 0.320433, 0], [0.62069, 0.0380642, 0.0925675, 0.0956944], [0.913793, 0, 0.320433, 0], [0.741379, 0.0168608, 0.177942, 0.0526209], [1, 0.35925, 0, 0.485038], [0, 1, 1, 1], [0.913793, 0, 0.320433, 0], [0.741379, 0.0168608, 0.177942, 0.0526209], [0, 1, 1, 1], [0.741379, 0.0168608, 0.177942, 0.0526209]], "gen5-raw-d-score": [1.0114e+06, 1.03979e+06, 1.0114e+06, 1.02461e+06, 1.25937e+06, 1.65721e+06, 1.0114e+06, 1.02461e+06, 1.65721e+06, 1.02461e+06], "gen5-norm-d-score": [0.968347, 0.635949, 0.968347, 0.764434, 1.39595, 1.73205, 0.968347, 0.764434, 1.73205, 0.764434], "gen5-sparsity": 2.43222e+10, "gen5-raw-winner": [948, 457838, 555549, 750269], "gen5-norm-winner": [0.62069, 0.0380642, 0.0925675, 0.0956944], "gen5-winner-raw-d-score": 1.03979e+06, "gen5-winner-norm-d-score": 0.635949, "gen5-time": 4787}, {"source": 222062, "target": 292478, "gen0-front": [[1003, 4.85629e+06, 4.33874e+06, 9.43368e+06], [2094, 1.35974e+06, 1.70976e+06, 2.19145e+06], [2595, 1.63889e+06, 1.65735e+06, 3.01195e+06], [2376, 1.37381e+06, 1.81044e+06, 2.12805e+06], [2094, 1.35974e+06, 1.70976e+06, 2.19145e+06], [2376, 1.37381e+06, 1.81044e+06, 2.12805e+06], [2094, 1.35974e+06, 1.70976e+06, 2.19145e+06]], "gen0-norm-front": [[0, 1, 1, 1], [0.685302, 0, 0.0195473, 0.00867851], [1, 0.0798361, 0, 0.12099], [0.862437, 0.00402311, 0.0570958, 0], [0.685302, 0, 0.0195473, 0.00867851], [0.862437, 0.00402311, 0.0570958, 0], [0.685302, 0, 0.0195473, 0.00867851]], "gen0-raw-d-score": [1.16694e+07, 3.87394e+06, 4.43505e+06, 3.8034e+06, 3.83923e+06, 3.8034e+06, 3.09429e+06], "gen0-norm-d-score": [1.8628, 1.2151, 1.32969, 1.10322, 1.10325, 1.10322, 0.685635], "gen0-sparsity": 9.79051e+12, "gen0-raw-winner": [2094, 1.35974e+06, 1.70976e+06, 2.19145e+06], "gen0-norm-winner": [0.685302, 0, 0.0195473, 0.00867851], "gen0-winner-naw-d-score": 3.09429e+06, "gen0-winner-norm-d-score": 0.685635, "gen0-time": 9533, "gen1-front": [[2094, 1.35974e+06, 1.70976e+06, 2.19145e+06], [2376, 1.37381e+06, 1.81044e+06, 2.12805e+06], [2094, 1.35974e+06, 1.70976e+06, 2.19145e+06], [2595, 1.63889e+06, 1.65735e+06, 3.01195e+06], [1003, 4.85629e+06, 4.33874e+06, 9.43368e+06], [2094, 1.35974e+06, 1.70976e+06, 2.19145e+06], [1003, 4.85629e+06, 4.33874e+06, 9.43368e+06], [2367, 1.37299e+06, 1.80817e+06, 2.1293e+06], [2094, 1.35974e+06, 1.70976e+06, 2.19145e+06]], "gen1-norm-front": [[0.685302, 0, 0.0195473, 0.00867851], [0.862437, 0.00402311, 0.0570958, 0], [0.685302, 0, 0.0195473, 0.00867851], [1, 0.0798361, 0, 0.12099], [0, 1, 1, 1], [0.685302, 0, 0.0195473, 0.00867851], [0, 1, 1, 1], [0.856784, 0.00378859, 0.0562462, 0.000171238], [0.685302, 0, 0.0195473, 0.00867851]], "gen1-raw-d-score": [4.38957e+06, 4.38957e+06, 4.90706e+06, 1.20792e+07, 1.18734e+07, 1.18734e+07, 1.18782e+07, 4.38898e+06, 3.09429e+06], "gen1-norm-d-score": [1.29877, 1.48902, 1.22111, 2.11912, 1.86282, 2.05041, 2.05107, 1.0988, 0.685635], "gen1-sparsity": 7.34281e+12, "gen1-raw-winner": [2094, 1.35974e+06, 1.70976e+06, 2.19145e+06], "gen1-norm-winner": [0.685302, 0, 0.0195473, 0.00867851], "gen1-winner-raw-d-score": 3.09429e+06, "gen1-winner-norm-d-score": 0.685635, "gen1-time": 8680, "gen2-front": [[2094, 1.35974e+06, 1.70976e+06, 2.19145e+06], [2367, 1.37299e+06, 1.80817e+06, 2.1293e+06], [2094, 1.35974e+06, 1.70976e+06, 2.19145e+06], [2376, 1.37381e+06, 1.81044e+06, 2.12805e+06], [2094, 1.35974e+06, 1.70976e+06, 2.19145e+06], [2595, 1.63889e+06, 1.65735e+06, 3.01195e+06], [1003, 4.85629e+06, 4.33874e+06, 9.43368e+06], [2094, 1.35974e+06, 1.70976e+06, 2.19145e+06], [1003, 4.85629e+06, 4.33874e+06, 9.43368e+06], [2364, 1.37311e+06, 1.80803e+06, 2.12916e+06]], "gen2-norm-front": [[0.685302, 0, 0.0195473, 0.00867851], [0.856784, 0.00378859, 0.0562462, 0.000171238], [0.685302, 0, 0.0195473, 0.00867851], [0.862437, 0.00402311, 0.0570958, 0], [0.685302, 0, 0.0195473, 0.00867851], [1, 0.0798361, 0, 0.12099], [0, 1, 1, 1], [0.685302, 0, 0.0195473, 0.00867851], [0, 1, 1, 1], [0.854899, 0.00382348, 0.056194, 0.000152074]], "gen2-raw-d-score": [4.38898e+06, 3.11263e+06, 3.09429e+06, 4.38957e+06, 3.09429e+06, 3.8085e+06, 1.15435e+07, 3.09429e+06, 1.18781e+07, 3.11251e+06], "gen2-norm-d-score": [0.685635, 1.09859, 0.685635, 1.10305, 1.57832, 2.00525, 1.8627, 1.86282, 1.93155, 0.856753], "gen2-sparsity": 6.52694e+12, "gen2-raw-winner": [2094, 1.35974e+06, 1.70976e+06, 2.19145e+06], "gen2-norm-winner": [0.685302, 0, 0.0195473, 0.00867851], "gen2-winner-raw-d-score": 4.38898e+06, "gen2-winner-norm-d-score": 0.685635, "gen2-time": 8951, "gen3-front": [[2094, 1.35974e+06, 1.70976e+06, 2.19145e+06], [2364, 1.37311e+06, 1.80803e+06, 2.12916e+06], [2367, 1.37299e+06, 1.80817e+06, 2.1293e+06], [2376, 1.37381e+06, 1.81044e+06, 2.12805e+06], [2094, 1.35974e+06, 1.70976e+06, 2.19145e+06], [2595, 1.63889e+06, 1.65735e+06, 3.01195e+06], [1003, 4.85629e+06, 4.33874e+06, 9.43368e+06], [2094, 1.35974e+06, 1.70976e+06, 2.19145e+06], [1003, 4.85629e+06, 4.33874e+06, 9.43368e+06]], "gen3-norm-front": [[0.685302, 0, 0.0195473, 0.00867851], [0.854899, 0.00382348, 0.056194, 0.000152074], [0.856784, 0.00378859, 0.0562462, 0.000171238], [0.862437, 0.00402311, 0.0570958, 0], [0.685302, 0, 0.0195473, 0.00867851], [1, 0.0798361, 0, 0.12099], [0, 1, 1, 1], [0.685302, 0, 0.0195473, 0.00867851], [0, 1, 1, 1]], "gen3-raw-d-score": [4.38889e+06, 4.40184e+06, 4.40252e+06, 4.38957e+06, 4.90706e+06, 1.20792e+07, 1.18734e+07, 1.18734e+07, 1.14631e+07], "gen3-norm-d-score": [1.39219, 1.48831, 1.39784, 1.48902, 1.22111, 2.11912, 1.86282, 1.86282, 1.73205], "gen3-sparsity": 7.3428e+12, "gen3-raw-winner": [2094, 1.35974e+06, 1.70976e+06, 2.19145e+06], "gen3-norm-winner": [0.685302, 0, 0.0195473, 0.00867851], "gen3-winner-raw-d-score": 4.90706e+06, "gen3-winner-norm-d-score": 1.22111, "gen3-time": 8988, "gen4-front": [[2094, 1.35974e+06, 1.70976e+06, 2.19145e+06], [2367, 1.37299e+06, 1.80817e+06, 2.1293e+06], [2364, 1.37311e+06, 1.80803e+06, 2.12916e+06], [2376, 1.37381e+06, 1.81044e+06, 2.12805e+06], [2094, 1.35974e+06, 1.70976e+06, 2.19145e+06], [2595, 1.63889e+06, 1.65735e+06, 3.01195e+06], [1003, 4.85629e+06, 4.33874e+06, 9.43368e+06], [2094, 1.35974e+06, 1.70976e+06, 2.19145e+06], [1003, 4.85629e+06, 4.33874e+06, 9.43368e+06], [2094, 1.35974e+06, 1.70976e+06, 2.19145e+06]], "gen4-norm-front": [[0.685302, 0, 0.0195473, 0.00867851], [0.856784, 0.00378859, 0.0562462, 0.000171238], [0.854899, 0.00382348, 0.056194, 0.000152074], [0.862437, 0.00402311, 0.0570958, 0], [0.685302, 0, 0.0195473, 0.00867851], [1, 0.0798361, 0, 0.12099], [0, 1, 1, 1], [0.685302, 0, 0.0195473, 0.00867851], [0, 1, 1, 1], [0.685302, 0, 0.0195473, 0.00867851]], "gen4-raw-d-score": [3.50152e+06, 3.11263e+06, 3.11251e+06, 3.40281e+06, 3.09429e+06, 3.8085e+06, 1.14631e+07, 3.09429e+06, 1.14631e+07, 3.09429e+06], "gen4-norm-d-score": [0.685635, 0.858637, 0.856753, 0.864334, 0.685635, 1.01045, 1.73205, 0.685635, 1.73205, 0.685635], "gen4-sparsity": 6.52694e+12, "gen4-raw-winner": [2094, 1.35974e+06, 1.70976e+06, 2.19145e+06], "gen4-norm-winner": [0.685302, 0, 0.0195473, 0.00867851], "gen4-winner-raw-d-score": 3.50152e+06, "gen4-winner-norm-d-score": 0.685635, "gen4-time": 9006, "gen5-front": [[2094, 1.35974e+06, 1.70976e+06, 2.19145e+06], [2364, 1.37311e+06, 1.80803e+06, 2.12916e+06], [2367, 1.37299e+06, 1.80817e+06, 2.1293e+06], [2376, 1.37381e+06, 1.81044e+06, 2.12805e+06], [2595, 1.63889e+06, 1.65735e+06, 3.01195e+06], [1003, 4.85629e+06, 4.33874e+06, 9.43368e+06], [2094, 1.35974e+06, 1.70976e+06, 2.19145e+06], [1003, 4.85629e+06, 4.33874e+06, 9.43368e+06]], "gen5-norm-front": [[0.685302, 0, 0.0195473, 0.00867851], [0.854899, 0.00382348, 0.056194, 0.000152074], [0.856784, 0.00378859, 0.0562462, 0.000171238], [0.862437, 0.00402311, 0.0570958, 0], [1, 0.0798361, 0, 0.12099], [0, 1, 1, 1], [0.685302, 0, 0.0195473, 0.00867851], [0, 1, 1, 1]], "gen5-raw-d-score": [4.38889e+06, 4.40184e+06, 4.40252e+06, 4.91918e+06, 1.20792e+07, 1.18734e+07, 1.18734e+07, 1.14631e+07], "gen5-norm-d-score": [1.09732, 1.21296, 1.21833, 1.32969, 2.00525, 1.86282, 1.86282, 1.73205], "gen5-sparsity": 8.39177e+12, "gen5-raw-winner": [2094, 1.35974e+06, 1.70976e+06, 2.19145e+06], "gen5-norm-winner": [0.685302, 0, 0.0195473, 0.00867851], "gen5-winner-raw-d-score": 4.38889e+06, "gen5-winner-norm-d-score": 1.09732, "gen5-time": 8934}, {"source": 228035, "target": 64799, "gen0-front": [[873, 774693, 815472, 1.40569e+06], [1011, 572795, 778401, 833194], [1086, 679826, 728483, 1.20369e+06], [1077, 575256, 788969, 826929], [1011, 573146, 778150, 832567], [1077, 575256, 788969, 826929], [1011, 573146, 778150, 832567], [1077, 575256, 788969, 826929], [1011, 573146, 778150, 832567]], "gen0-norm-front": [[0, 1, 1, 1], [0.647887, 0, 0.573843, 0.0108248], [1, 0.530124, 0, 0.650971], [0.957746, 0.0121893, 0.695329, 0], [0.647887, 0.0017385, 0.570957, 0.00974143], [0.957746, 0.0121893, 0.695329, 0], [0.647887, 0.0017385, 0.570957, 0.00974143], [0.957746, 0.0121893, 0.695329, 0], [0.647887, 0.0017385, 0.570957, 0.00974143]], "gen0-raw-d-score": [2.20666e+06, 2.01741e+06, 2.01963e+06, 1.80676e+06, 1.80676e+06, 1.80676e+06, 1.80676e+06, 1.80676e+06, 1.27561e+06], "gen0-norm-d-score": [2.17926, 1.83609, 1.87762, 1.75044, 1.60203, 1.75044, 1.60203, 1.46518, 0.863625], "gen0-sparsity": 2.51656e+10, "gen0-raw-winner": [1011, 573146, 778150, 832567], "gen0-norm-winner": [0.647887, 0.0017385, 0.570957, 0.00974143], "gen0-winner-naw-d-score": 1.27561e+06, "gen0-winner-norm-d-score": 0.863625, "gen0-time": 4970, "gen1-front": [[1011, 573146, 778150, 832567], [1077, 575256, 788969, 826929], [1011, 573146, 778150, 832567], [1077, 575256, 788969, 826929], [1011, 572795, 778401, 833194], [1086, 679826, 728483, 1.20369e+06], [873, 774693, 815472, 1.40569e+06], [1011, 573146, 778150, 832567], [1077, 575256, 788969, 826929], [1011, 573146, 778150, 832567], [1077, 575256, 788969, 826929], [1011, 573146, 778150, 832567], [984, 576332, 765995, 859734], [8