{"data": [{"source": 200128, "target": 37658, "gen0-front": [[966, 1.13237e+06, 1.04308e+06, 2.18906e+06], [1317, 687924, 905121, 1.04533e+06], [1575, 829639, 868224, 1.48612e+06], [1311, 687967, 905049, 1.04526e+06], [1251, 690429, 891720, 1.07126e+06], [1311, 687967, 905049, 1.04526e+06]], "gen0-norm-front": [[0, 1, 1, 1], [0.576355, 0, 0.211008, 6.29482e-05], [1, 0.318859, 0, 0.385438], [0.566502, 9.67501e-05, 0.210596, 0], [0.46798, 0.00563626, 0.13437, 0.0227252], [0.566502, 9.67501e-05, 0.210596, 0]], "gen0-raw-d-score": [2.76324e+06, 1.75314e+06, 2.03076e+06, 1.69165e+06, 1.70081e+06, 1.54434e+06], "gen0-norm-d-score": [1.82543, 1.21589, 1.25346, 0.764404, 0.747351, 0.60438], "gen0-sparsity": 1.5954e+11, "gen0-raw-winner": [966, 1.13237e+06, 1.04308e+06, 2.18906e+06], "gen0-norm-winner": [0, 1, 1, 1], "gen0-winner-naw-d-score": 2.76324e+06, "gen0-winner-norm-d-score": 1.82543, "gen0-time": 10905, "gen1-front": [[966, 1.13237e+06, 1.04308e+06, 2.18906e+06], [1575, 829639, 868224, 1.48612e+06], [1317, 687924, 905121, 1.04533e+06], [1311, 687967, 905049, 1.04526e+06], [1251, 690429, 891720, 1.07126e+06], [966, 1.13237e+06, 1.04308e+06, 2.18906e+06], [1311, 687967, 905049, 1.04526e+06], [1257, 692858, 888477, 1.07759e+06], [1251, 690429, 891720, 1.07126e+06]], "gen1-norm-front": [[0, 1, 1, 1], [1, 0.318859, 0, 0.385438], [0.576355, 0, 0.211008, 6.29482e-05], [0.566502, 9.67501e-05, 0.210596, 0], [0.46798, 0.00563626, 0.13437, 0.0227252], [0, 1, 1, 1], [0.566502, 9.67501e-05, 0.210596, 0], [0.477833, 0.0111015, 0.115823, 0.0282629], [0.46798, 0.00563626, 0.13437, 0.0227252]], "gen1-raw-d-score": [3.28831e+06, 2.45681e+06, 2.18408e+06, 2.1919e+06, 3.09543e+06, 3.08986e+06, 2.19445e+06, 2.20229e+06, 1.55546e+06], "gen1-norm-d-score": [2.14066, 1.39566, 0.980301, 0.776456, 1.88641, 1.89568, 0.909364, 0.693015, 0.487451], "gen1-sparsity": 9.89662e+10, "gen1-raw-winner": [966, 1.13237e+06, 1.04308e+06, 2.18906e+06], "gen1-norm-winner": [0, 1, 1, 1], "gen1-winner-raw-d-score": 3.08986e+06, "gen1-winner-norm-d-score": 1.89568, "gen1-time": 9860, "gen2-front": [[966, 1.13237e+06, 1.04308e+06, 2.18906e+06], [1575, 829639, 868224, 1.48612e+06], [1257, 692858, 888477, 1.07759e+06], [1317, 687924, 905121, 1.04533e+06], [1251, 690429, 891720, 1.07126e+06], [1311, 687967, 905049, 1.04526e+06], [1251, 690429, 891720, 1.07126e+06], [966, 1.13237e+06, 1.04308e+06, 2.18906e+06], [1311, 687967, 905049, 1.04526e+06], [1275, 718336, 873672, 1.16934e+06]], "gen2-norm-front": [[0, 1, 1, 1], [1, 0.318859, 0, 0.385438], [0.477833, 0.0111015, 0.115823, 0.0282629], [0.576355, 0, 0.211008, 6.29482e-05], [0.46798, 0.00563626, 0.13437, 0.0227252], [0.566502, 9.67501e-05, 0.210596, 0], [0.46798, 0.00563626, 0.13437, 0.0227252], [0, 1, 1, 1], [0.566502, 9.67501e-05, 0.210596, 0], [0.507389, 0.0684271, 0.0311562, 0.108481]], "gen2-raw-d-score": [3.36051e+06, 2.56019e+06, 2.30055e+06, 2.29738e+06, 2.29807e+06, 2.46712e+06, 3.17096e+06, 3.17226e+06, 2.24314e+06, 1.62686e+06], "gen2-norm-d-score": [2.11629, 1.35095, 0.915646, 0.96708, 0.906599, 1.26605, 1.88641, 1.90457, 0.800088, 0.524275], "gen2-sparsity": 8.08628e+10, "gen2-raw-winner": [966, 1.13237e+06, 1.04308e+06, 2.18906e+06], "gen2-norm-winner": [0, 1, 1, 1], "gen2-winner-raw-d-score": 3.17226e+06, "gen2-winner-norm-d-score": 1.90457, "gen2-time": 10395, "gen3-front": [[966, 1.13237e+06, 1.04308e+06, 2.18906e+06], [1575, 829639, 868224, 1.48612e+06], [1275, 718336, 873672, 1.16934e+06], [1317, 687924, 905121, 1.04533e+06], [1311, 687967, 905049, 1.04526e+06], [1257, 692858, 888477, 1.07759e+06], [1311, 687967, 905049, 1.04526e+06], [1251, 690429, 891720, 1.07126e+06], [966, 1.13237e+06, 1.04308e+06, 2.18906e+06], [1311, 687967, 905049, 1.04526e+06]], "gen3-norm-front": [[0, 1, 1, 1], [1, 0.318859, 0, 0.385438], [0.507389, 0.0684271, 0.0311562, 0.108481], [0.576355, 0, 0.211008, 6.29482e-05], [0.566502, 9.67501e-05, 0.210596, 0], [0.477833, 0.0111015, 0.115823, 0.0282629], [0.566502, 9.67501e-05, 0.210596, 0], [0.46798, 0.00563626, 0.13437, 0.0227252], [0, 1, 1, 1], [0.566502, 9.67501e-05, 0.210596, 0]], "gen3-raw-d-score": [3.36585e+06, 2.60204e+06, 2.34631e+06, 2.29134e+06, 2.29977e+06, 2.30051e+06, 2.46712e+06, 3.17096e+06, 3.08986e+06, 1.54434e+06], "gen3-norm-d-score": [2.12423, 1.36282, 0.986154, 0.985105, 0.963775, 0.909381, 1.26605, 1.88641, 1.83447, 0.60438], "gen3-sparsity": 8.08628e+10, "gen3-raw-winner": [966, 1.13237e+06, 1.04308e+06, 2.18906e+06], "gen3-norm-winner": [0, 1, 1, 1], "gen3-winner-raw-d-score": 3.08986e+06, "gen3-winner-norm-d-score": 1.83447, "gen3-time": 10242, "gen4-front": [[966, 1.13237e+06, 1.04308e+06, 2.18906e+06], [1575, 829639, 868224, 1.48612e+06], [1311, 687967, 905049, 1.04526e+06], [1317, 687924, 905121, 1.04533e+06], [1311, 687967, 905049, 1.04526e+06], [1275, 718336, 873672, 1.16934e+06], [1257, 692858, 888477, 1.07759e+06], [1251, 690429, 891720, 1.07126e+06], [966, 1.13237e+06, 1.04308e+06, 2.18906e+06], [1311, 687967, 905049, 1.04526e+06]], "gen4-norm-front": [[0, 1, 1, 1], [1, 0.318859, 0, 0.385438], [0.566502, 9.67501e-05, 0.210596, 0], [0.576355, 0, 0.211008, 6.29482e-05], [0.566502, 9.67501e-05, 0.210596, 0], [0.507389, 0.0684271, 0.0311562, 0.108481], [0.477833, 0.0111015, 0.115823, 0.0282629], [0.46798, 0.00563626, 0.13437, 0.0227252], [0, 1, 1, 1], [0.566502, 9.67501e-05, 0.210596, 0]], "gen4-raw-d-score": [3.3595e+06, 2.55126e+06, 2.28987e+06, 2.29917e+06, 2.3477e+06, 2.35669e+06, 2.47636e+06, 3.17096e+06, 3.08986e+06, 1.54434e+06], "gen4-norm-d-score": [2.13803, 1.3956, 1.03098, 1.00205, 0.93198, 0.858233, 1.21666, 1.88641, 1.83447, 0.60438], "gen4-sparsity": 8.08628e+10, "gen4-raw-winner": [966, 1.13237e+06, 1.04308e+06, 2.18906e+06], "gen4-norm-winner": [0, 1, 1, 1], "gen4-winner-raw-d-score": 3.08986e+06, "gen4-winner-norm-d-score": 1.83447, "gen4-time": 10250, "gen5-front": [[966, 1.13237e+06, 1.04308e+06, 2.18906e+06], [1575, 829639, 868224, 1.48612e+06], [1311, 687967, 905049, 1.04526e+06], [1317, 687924, 905121, 1.04533e+06], [1311, 687967, 905049, 1.04526e+06], [1275, 718336, 873672, 1.16934e+06], [1257, 692858, 888477, 1.07759e+06], [1251, 690429, 891720, 1.07126e+06], [966, 1.13237e+06, 1.04308e+06, 2.18906e+06], [1311, 687967, 905049, 1.04526e+06]], "gen5-norm-front": [[0, 1, 1, 1], [1, 0.318859, 0, 0.385438], [0.566502, 9.67501e-05, 0.210596, 0], [0.576355, 0, 0.211008, 6.29482e-05], [0.566502, 9.67501e-05, 0.210596, 0], [0.507389, 0.0684271, 0.0311562, 0.108481], [0.477833, 0.0111015, 0.115823, 0.0282629], [0.46798, 0.00563626, 0.13437, 0.0227252], [0, 1, 1, 1], [0.566502, 9.67501e-05, 0.210596, 0]], "gen5-raw-d-score": [3.3595e+06, 2.55126e+06, 2.28987e+06, 2.29917e+06, 2.3477e+06, 2.35669e+06, 2.47636e+06, 3.17096e+06, 3.08986e+06, 1.54434e+06], "gen5-norm-d-score": [2.13803, 1.3956, 1.03098, 1.00205, 0.93198, 0.858233, 1.21666, 1.88641, 1.83447, 0.60438], "gen5-sparsity": 8.08628e+10, "gen5-raw-winner": [966, 1.13237e+06, 1.04308e+06, 2.18906e+06], "gen5-norm-winner": [0, 1, 1, 1], "gen5-winner-raw-d-score": 3.08986e+06, "gen5-winner-norm-d-score": 1.83447, "gen5-time": 10218}, {"source": 75608, "target": 287676, "gen0-front": [[685, 2.85274e+06, 2.60199e+06, 5.58602e+06], [1221, 1.04278e+06, 1.20231e+06, 1.79355e+06], [1199, 1.12031e+06, 1.18015e+06, 2.00887e+06], [1524, 1.06916e+06, 1.42906e+06, 1.63859e+06], [1194, 1.0434e+06, 1.19778e+06, 1.7896e+06], [1521, 1.06904e+06, 1.42907e+06, 1.6386e+06], [1194, 1.0434e+06, 1.19778e+06, 1.7896e+06]], "gen0-norm-front": [[0, 1, 1, 1], [0.638856, 0, 0.015584, 0.0392554], [0.612634, 0.0428362, 0, 0.0938035], [1, 0.0145754, 0.175064, 0], [0.606675, 0.0003431, 0.012398, 0.0382558], [0.996424, 0.0145124, 0.175068, 3.29328e-06], [0.606675, 0.0003431, 0.012398, 0.0382558]], "gen0-raw-d-score": [6.9746e+06, 2.89786e+06, 3.14145e+06, 2.89718e+06, 2.98515e+06, 2.89715e+06, 2.39291e+06], "gen0-norm-d-score": [1.84618, 0.887173, 1.1903, 1.18282, 1.18042, 1.1798, 0.608006], "gen0-sparsity": 2.88288e+12, "gen0-raw-winner": [685, 2.85274e+06, 2.60199e+06, 5.58602e+06], "gen0-norm-winner": [0, 1, 1, 1], "gen0-winner-naw-d-score": 6.9746e+06, "gen0-winner-norm-d-score": 1.84618, "gen0-time": 16521, "gen1-front": [[685, 2.85274e+06, 2.60199e+06, 5.58602e+06], [1521, 1.06904e+06, 1.42907e+06, 1.6386e+06], [1524, 1.06916e+06, 1.42906e+06, 1.63859e+06], [1199, 1.12031e+06, 1.18015e+06, 2.00887e+06], [1221, 1.04278e+06, 1.20231e+06, 1.79355e+06], [1194, 1.0434e+06, 1.19778e+06, 1.7896e+06], [685, 2.85274e+06, 2.60199e+06, 5.58602e+06], [1194, 1.0434e+06, 1.19778e+06, 1.7896e+06], [1191, 1.04456e+06, 1.19535e+06, 1.7955e+06], [1185, 1.04474e+06, 1.19357e+06, 1.80104e+06], [1194, 1.0434e+06, 1.19778e+06, 1.7896e+06]], "gen1-norm-front": [[0, 1, 1, 1], [0.996424, 0.0145124, 0.175068, 3.29328e-06], [1, 0.0145754, 0.175064, 0], [0.612634, 0.0428362, 0, 0.0938035], [0.638856, 0, 0.015584, 0.0392554], [0.606675, 0.0003431, 0.012398, 0.0382558], [0, 1, 1, 1], [0.606675, 0.0003431, 0.012398, 0.0382558], [0.603099, 0.000983444, 0.0106904, 0.0397509], [0.595948, 0.001084, 0.009442, 0.0411546], [0.606675, 0.0003431, 0.012398, 0.0382558]], "gen1-raw-d-score": [7.42749e+06, 3.79318e+06, 3.88415e+06, 3.86736e+06, 5.13656e+06, 7.37302e+06, 7.37279e+06, 3.73977e+06, 3.74526e+06, 3.38908e+06, 2.39291e+06], "gen1-norm-d-score": [2.24824, 1.5594, 1.351, 1.07893, 1.66721, 1.93336, 1.93223, 1.04419, 1.0443, 0.852414, 0.608006], "gen1-sparsity": 1.72939e+12, "gen1-raw-winner": [685, 2.85274e+06, 2.60199e+06, 5.58602e+06], "gen1-norm-winner": [0, 1, 1, 1], "gen1-winner-raw-d-score": 7.37279e+06, "gen1-winner-norm-d-score": 1.93223, "gen1-time": 14968, "gen2-front": [[685, 2.85274e+06, 2.60199e+06, 5.58602e+06], [1524, 1.06916e+06, 1.42906e+06, 1.63859e+06], [1521, 1.06904e+06, 1.42907e+06, 1.6386e+06], [1199, 1.12031e+06, 1.18015e+06, 2.00887e+06], [1221, 1.04278e+06, 1.20231e+06, 1.79355e+06], [1194, 1.0434e+06, 1.19778e+06, 1.7896e+06], [1185, 1.04474e+06, 1.19357e+06, 1.80104e+06], [685, 2.85274e+06, 2.60199e+06, 5.58602e+06], [1194, 1.0434e+06, 1.19778e+06, 1.7896e+06]], "gen2-norm-front": [[0, 1, 1, 1], [1, 0.0145754, 0.175064, 0], [0.996424, 0.0145124, 0.175068, 3.29328e-06], [0.612634, 0.0428362, 0, 0.0938035], [0.638856, 0, 0.015584, 0.0392554], [0.606675, 0.0003431, 0.012398, 0.0382558], [0.595948, 0.001084, 0.009442, 0.0411546], [0, 1, 1, 1], [0.606675, 0.0003431, 0.012398, 0.0382558]], "gen2-raw-d-score": [7.20988e+06, 3.42643e+06, 3.54309e+06, 3.52607e+06, 3.38759e+06, 3.38908e+06, 7.20222e+06, 7.19987e+06, 2.39291e+06], "gen2-norm-d-score": [2.24137, 1.55881, 1.34826, 1.07886, 1.06524, 0.852414, 1.93002, 1.83567, 0.608006], "gen2-sparsity": 2.16175e+12, "gen2-raw-winner": [685, 2.85274e+06, 2.60199e+06, 5.58602e+06], "gen2-norm-winner": [0, 1, 1, 1], "gen2-winner-raw-d-score": 7.19987e+06, "gen2-winner-norm-d-score": 1.83567, "gen2-time": 14718, "gen3-front": [[685, 2.85274e+06, 2.60199e+06, 5.58602e+06], [1521, 1.06904e+06, 1.42907e+06, 1.6386e+06], [1524, 1.06916e+06, 1.42906e+06, 1.63859e+06], [1199, 1.12031e+06, 1.18015e+06, 2.00887e+06], [1221, 1.04278e+06, 1.20231e+06, 1.79355e+06], [1194, 1.0434e+06, 1.19778e+06, 1.7896e+06], [1185, 1.04474e+06, 1.19357e+06, 1.80104e+06], [685, 2.85274e+06, 2.60199e+06, 5.58602e+06], [1194, 1.0434e+06, 1.19778e+06, 1.7896e+06], [1521, 1.06904e+06, 1.42907e+06, 1.6386e+06]], "gen3-norm-front": [[0, 1, 1, 1], [0.996424, 0.0145124, 0.175068, 3.29328e-06], [1, 0.0145754, 0.175064, 0], [0.612634, 0.0428362, 0, 0.0938035], [0.638856, 0, 0.015584, 0.0392554], [0.606675, 0.0003431, 0.012398, 0.0382558], [0.595948, 0.001084, 0.009442, 0.0411546], [0, 1, 1, 1], [0.606675, 0.0003431, 0.012398, 0.0382558], [0.996424, 0.0145124, 0.175068, 3.29328e-06]], "gen3-raw-d-score": [6.79059e+06, 2.42283e+06, 2.66934e+06, 2.78762e+06, 2.39786e+06, 2.39291e+06, 3.728e+06, 7.19987e+06, 2.39291e+06, 2.42283e+06], "gen3-norm-d-score": [1.73205, 1.01179, 1.1866, 0.892118, 0.64025, 0.852414, 0.597442, 2.08872, 1.18042, 1.01179], "gen3-sparsity": 1.92155e+12, "gen3-raw-winner": [685, 2.85274e+06, 2.60199e+06, 5.58602e+06], "gen3-norm-winner": [0, 1, 1, 1], "gen3-winner-raw-d-score": 6.79059e+06, "gen3-winner-norm-d-score": 1.73205, "gen3-time": 14868, "gen4-front": [[685, 2.85274e+06, 2.60199e+06, 5.58602e+06], [1521, 1.06904e+06, 1.42907e+06, 1.6386e+06], [1524, 1.06916e+06, 1.42906e+06, 1.63859e+06], [1199, 1.12031e+06, 1.18015e+06, 2.00887e+06], [1221, 1.04278e+06, 1.20231e+06, 1.79355e+06], [1194, 1.0434e+06, 1.19778e+06, 1.7896e+06], [1185, 1.04474e+06, 1.19357e+06, 1.80104e+06], [685, 2.85274e+06, 2.60199e+06, 5.58602e+06], [1194, 1.0434e+06, 1.19778e+06, 1.7896e+06]], "gen4-norm-front": [[0, 1, 1, 1], [0.996424, 0.0145124, 0.175068, 3.29328e-06], [1, 0.0145754, 0.175064, 0], [0.612634, 0.0428362, 0, 0.0938035], [0.638856, 0, 0.015584, 0.0392554], [0.606675, 0.0003431, 0.012398, 0.0382558], [0.595948, 0.001084, 0.009442, 0.0411546], [0, 1, 1, 1], [0.606675, 0.0003431, 0.012398, 0.0382558]], "gen4-raw-d-score": [7.20987e+06, 3.42643e+06, 3.54312e+06, 3.52607e+06, 3.38759e+06, 3.38908e+06, 7.20222e+06, 7.19987e+06, 2.39291e+06], "gen4-norm-d-score": [2.24137, 1.55881, 1.35091, 1.07886, 1.06524, 0.852414, 1.93002, 1.83567, 0.608006], "gen4-sparsity": 2.16175e+12, "gen4-raw-winner": [685, 2.85274e+06, 2.60199e+06, 5.58602e+06], "gen4-norm-winner": [0, 1, 1, 1], "gen4-winner-raw-d-score": 7.19987e+06, "gen4-winner-norm-d-score": 1.83567, "gen4-time": 14869, "gen5-front": [[685, 2.85274e+06, 2.60199e+06, 5.58602e+06], [1524, 1.06916e+06, 1.42906e+06, 1.63859e+06], [1521, 1.06904e+06, 1.42907e+06, 1.6386e+06], [1199, 1.12031e+06, 1.18015e+06, 2.00887e+06], [1221, 1.04278e+06, 1.20231e+06, 1.79355e+06], [1194, 1.0434e+06, 1.19778e+06, 1.7896e+06], [1185, 1.04474e+06, 1.19357e+06, 1.80104e+06], [685, 2.85274e+06, 2.60199e+06, 5.58602e+06], [1194, 1.0434e+06, 1.19778e+06, 1.7896e+06], [1185, 1.04484e+06, 1.19319e+06, 1.80371e+06]], "gen5-norm-front": [[0, 1, 1, 1], [1, 0.0145754, 0.175064, 0], [0.996424, 0.0145124, 0.175068, 3.29328e-06], [0.612634, 0.0428362, 0, 0.0938035], [0.638856, 0, 0.015584, 0.0392554], [0.606675, 0.0003431, 0.012398, 0.0382558], [0.595948, 0.001084, 0.009442, 0.0411546], [0, 1, 1, 1], [0.606675, 0.0003431, 0.012398, 0.0382558], [0.595948, 0.00113649, 0.00917403, 0.0418292]], "gen5-raw-d-score": [7.28871e+06, 3.60493e+06, 3.69336e+06, 3.6772e+06, 3.54503e+06, 4.4299e+06, 7.27741e+06, 7.27529e+06, 3.39039e+06, 2.40182e+06], "gen5-norm-d-score": [2.24141, 1.5594, 1.34826, 1.07886, 1.06524, 1.314, 1.93002, 1.92998, 0.852444, 0.597485], "gen5-sparsity": 1.92143e+12, "gen5-raw-winner": [685, 2.85274e+06, 2.60199e+06, 5.58602e+06], "gen5-norm-winner": [0, 1, 1, 1], "gen5-winner-raw-d-score": 7.27529e+06, "gen5-winner-norm-d-score": 1.92998, "gen5-time": 14709}, {"source": 270575, "target": 204881, "gen0-front": [[1167, 2.84419e+06, 2.58107e+06, 5.5863e+06], [1362, 639385, 884506, 958194], [1437, 712238, 849366, 1.1936e+06], [1350, 642668, 887134, 955186], [1356, 639428, 884434, 958122], [1341, 640677, 877205, 965810], [1356, 639428, 884434, 958122], [1341, 640677, 877205, 965810]], "gen0-norm-front": [[0, 1, 1, 1], [0.722222, 0, 0.0202921, 0.000649519], [1, 0.0330428, 0, 0.05148], [0.677778, 0.00148902, 0.0218097, 0], [0.7, 1.95028e-05, 0.0202505, 0.000633972], [0.644444, 0.000585992, 0.016076, 0.00229405], [0.7, 1.95028e-05, 0.0202505, 0.000633972], [0.644444, 0.000585992, 0.016076, 0.00229405]], "gen0-raw-d-score": [6.93307e+06, 2.18236e+06, 2.18307e+06, 2.05463e+06, 2.05471e+06, 2.05471e+06, 2.05471e+06, 1.45353e+06], "gen0-norm-d-score": [1.8767, 1.23522, 1.20979, 0.974818, 0.951831, 0.951831, 0.951831, 0.644649], "gen0-sparsity": 3.82402e+12, "gen0-raw-winner": [1167, 2.84419e+06, 2.58107e+06, 5.5863e+06], "gen0-norm-winner": [0, 1, 1, 1], "gen0-winner-naw-d-score": 6.93307e+06, "gen0-winner-norm-d-score": 1.8767, "gen0-time": 9373, "gen1-front": [[1167, 2.84419e+06, 2.58107e+06, 5.5863e+06], [1437, 712238, 849366, 1.1936e+06], [1350, 642668, 887134, 955186], [1362, 639385, 884506, 958194], [1341, 640677, 877205, 965810], [1356, 639428, 884434, 958122], [1341, 640677, 877205, 965810], [1356, 639428, 884434, 958122], [1167, 2.84419e+06, 2.58107e+06, 5.5863e+06], [1356, 639428, 884434, 958122], [1341, 640677, 877205, 965810], [1350, 642668, 887134, 955186]], "gen1-norm-front": [[0, 1, 1, 1], [1, 0.0330428, 0, 0.05148], [0.677778, 0.00148902, 0.0218097, 0], [0.722222, 0, 0.0202921, 0.000649519], [0.644444, 0.000585992, 0.016076, 0.00229405], [0.7, 1.95028e-05, 0.0202505, 0.000633972], [0.644444, 0.000585992, 0.016076, 0.00229405], [0.7, 1.95028e-05, 0.0202505, 0.000633972], [0, 1, 1, 1], [0.7, 1.95028e-05, 0.0202505, 0.000633972], [0.644444, 0.000585992, 0.016076, 0.00229405], [0.677778, 0.00148902, 0.0218097, 0]], "gen1-raw-d-score": [6.77924e+06, 1.62892e+06, 1.45341e+06, 2.05476e+06, 1.45353e+06, 1.45227e+06, 1.45353e+06, 1.45227e+06, 6.77924e+06, 1.45227e+06, 1.45353e+06, 1.45341e+06], "gen1-norm-d-score": [1.73205, 1.00187, 0.67813, 0.722508, 0.644649, 0.700293, 0.935646, 0.700293, 1.73205, 0.700293, 6.77924e+06, 0.67813], "gen1-sparsity": 2.43347e+12, "gen1-raw-winner": [1167, 2.84419e+06, 2.58107e+06, 5.5863e+06], "gen1-norm-winner": [0, 1, 1, 1], "gen1-winner-raw-d-score": 6.77924e+06, "gen1-winner-norm-d-score": 1.73205, "gen1-time": 8589, "gen2-front": [[1167, 2.84419e+06, 2.58107e+06, 5.5863e+06], [1437, 712238, 849366, 1.1936e+06], [1350, 642668, 887134, 955186], [1356, 639428, 884434, 958122], [1362, 639385, 884506, 958194], [1341, 640677, 877205, 965810], [1167, 2.84419e+06, 2.58107e+06, 5.5863e+06], [1356, 639428, 884434, 958122]], "gen2-norm-front": [[0, 1, 1, 1], [1, 0.0330428, 0, 0.05148], [0.677778, 0.00148902, 0.0218097, 0], [0.7, 1.95028e-05, 0.0202505, 0.000633972], [0.722222, 0, 0.0202921, 0.000649519], [0.644444, 0.000585992, 0.016076, 0.00229405], [0, 1, 1, 1], [0.7, 1.95028e-05, 0.0202505, 0.000633972]], "gen2-raw-d-score": [6.9722e+06, 2.18307e+06, 2.05463e+06, 2.05387e+06, 2.05476e+06, 6.93332e+06, 6.93305e+06, 1.45227e+06], "gen2-norm-d-score": [2.00094, 1.20979, 0.974818, 1.00619, 0.968292, 1.84813, 1.86826, 0.700293], "gen2-sparsity": 3.82402e+12, "gen2-raw-winner": [1167, 2.84419e+06, 2.58107e+06, 5.5863e+06], "gen2-norm-winner": [0, 1, 1, 1], "gen2-winner-raw-d-score": 6.93305e+06, "gen2-winner-norm-d-score": 1.86826, "gen2-time": 9343, "gen3-front": [[1167, 2.84419e+06, 2.58107e+06, 5.5863e+06], [1437, 712238, 849366, 1.1936e+06], [1362, 639385, 884506, 958194], [1356, 639428, 884434, 958122], [1350, 642668, 887134, 955186], [1356, 639428, 884434, 958122], [1341, 640677, 877205, 965810], [1167, 2.84419e+06, 2.58107e+06, 5.5863e+06], [1356, 639428, 884434, 958122], [1359, 641152, 883970, 957658], [1344, 642401, 876741, 965346]], "gen3-norm-front": [[0, 1, 1, 1], [1, 0.0330428, 0, 0.05148], [0.722222, 0, 0.0202921, 0.000649519], [0.7, 1.95028e-05, 0.0202505, 0.000633972], [0.677778, 0.00148902, 0.0218097, 0], [0.7, 1.95028e-05, 0.0202505, 0.000633972], [0.644444, 0.000585992, 0.016076, 0.00229405], [0, 1, 1, 1], [0.7, 1.95028e-05, 0.0202505, 0.000633972], [0.711111, 0.00080143, 0.0199826, 0.000533781], [0.655556, 0.00136792, 0.0158081, 0.00219386]], "gen3-raw-d-score": [6.77924e+06, 1.62892e+06, 1.45234e+06, 1.45227e+06, 1.45341e+06, 1.45227e+06, 1.45353e+06, 6.77924e+06, 1.45227e+06, 1.45244e+06, 1.4537e+06], "gen3-norm-d-score": [1.73205, 1.00187, 0.722508, 0.700293, 0.67813, 0.700293, 0.919553, 1.45227e+06, 0.700293, 0.711392, 0.655751], "gen3-sparsity": 2.67681e+12, "gen3-raw-winner": [1167, 2.84419e+06, 2.58107e+06, 5.5863e+06], "gen3-norm-winner": [0, 1, 1, 1], "gen3-winner-raw-d-score": 6.77924e+06, "gen3-winner-norm-d-score": 1.73205, "gen3-time": 9387, "gen4-front": [[1167, 2.84419e+06, 2.58107e+06, 5.5863e+06], [1437, 712238, 849366, 1.1936e+06], [1362, 639385, 884506, 958194], [1356, 639428, 884434, 958122], [1350, 642668, 887134, 955186], [1359, 641152, 883970, 957658], [1344, 642401, 876741, 965346], [1167, 2.84419e+06, 2.58107e+06, 5.5863e+06], [1356, 639428, 884434, 958122]], "gen4-norm-front": [[0, 1, 1, 1], [1, 0.0330428, 0, 0.05148], [0.722222, 0, 0.0202921, 0.000649519], [0.7, 1.95028e-05, 0.0202505, 0.000633972], [0.677778, 0.00148902, 0.0218097, 0], [0.711111, 0.00080143, 0.0199826, 0.000533781], [0.655556, 0.00136792, 0.0158081, 0.00219386], [0, 1, 1, 1], [0.7, 1.95028e-05, 0.0202505, 0.000633972]], "gen4-raw-d-score": [6.9722e+06, 2.18236e+06, 2.05387e+06, 2.05463e+06, 2.05475e+06, 2.05495e+06, 6.93335e+06, 6.93305e+06, 1.45227e+06], "gen4-norm-d-score": [2.12729, 1.41977, 1.21318, 1.20663, 1.18139, 0.967517, 1.9799, 1.86826, 0.700293], "gen4-sparsity": 3.34604e+12, "gen4-raw-winner": [1167, 2.84419e+06, 2.58107e+06, 5.5863e+06], "gen4-norm-winner": [0, 1, 1, 1], "gen4-winner-raw-d-score": 6.93305e+06, "gen4-winner-norm-d-score": 1.86826, "gen4-time": 9362, "gen5-front": [[1167, 2.84419e+06, 2.58107e+06, 5.5863e+06], [1437, 712238, 849366, 1.1936e+06], [1362, 639385, 884506, 958194], [1356, 639428, 884434, 958122], [1350, 642668, 887134, 955186], [1356, 639428, 884434, 958122], [1359, 641152, 883970, 957658], [1344, 642401, 876741, 965346], [1167, 2.84419e+06, 2.58107e+06, 5.5863e+06], [1356, 639428, 884434, 958122]], "gen5-norm-front": [[0, 1, 1, 1], [1, 0.0330428, 0, 0.05148], [0.722222, 0, 0.0202921, 0.000649519], [0.7, 1.95028e-05, 0.0202505, 0.000633972], [0.677778, 0.00148902, 0.0218097, 0], [0.7, 1.95028e-05, 0.0202505, 0.000633972], [0.711111, 0.00080143, 0.0199826, 0.000533781], [0.655556, 0.00136792, 0.0158081, 0.00219386], [0, 1, 1, 1], [0.7, 1.95028e-05, 0.0202505, 0.000633972]], "gen5-raw-d-score": [7.00145e+06, 2.2741e+06, 2.15207e+06, 2.15183e+06, 2.15234e+06, 2.15206e+06, 3.50889e+06, 6.96278e+06, 6.93305e+06, 1.45227e+06], "gen5-norm-d-score": [2.12729, 1.41977, 1.21318, 1.20011, 1.20663, 1.19425, 1.39143, 1.9799, 1.86826, 0.700293], "gen5-sparsity": 2.97426e+12, "gen5-raw-winner": [1167, 2.84419e+06, 2.58107e+06, 5.5863e+06], "gen5-norm-winner": [0, 1, 1, 1], "gen5-winner-raw-d-score": 6.93305e+06, "gen5-winner-norm-d-score": 1.86826, "gen5-time": 9355}, {"source": 26936, "target": 192481, "gen0-front": [[840, 703274, 691545, 1.33173e+06], [999, 448126, 589699, 688738], [1014, 539788, 541676, 1.00062e+06], [999, 448126, 589699, 688738], [948, 457838, 555549, 750269], [999, 448126, 589699, 688738], [969, 452428, 568344, 722573], [999, 448126, 589699, 688738]], "gen0-norm-front": [[0, 1, 1, 1], [0.913793, 0, 0.320433, 0], [1, 0.35925, 0, 0.485038], [0.913793, 0, 0.320433, 0], [0.62069, 0.0380642, 0.0925675, 0.0956944], [0.913793, 0, 0.320433, 0], [0.741379, 0.0168608, 0.177942, 0.0526209], [0.913793, 0, 0.320433, 0]], "gen0-raw-d-score": [1.94146e+06, 1.61522e+06, 1.61522e+06, 1.45054e+06, 1.45054e+06, 1.4397e+06, 1.4397e+06, 1.0114e+06], "gen0-norm-d-score": [1.98436, 1.51724, 1.51724, 1.1585, 1.1585, 1.23372, 1.23372, 0.968347], "gen0-sparsity": 3.12715e+10, "gen0-raw-winner": [840, 703274, 691545, 1.33173e+06], "gen0-norm-winner": [0, 1, 1, 1], "gen0-winner-naw-d-score": 1.94146e+06, "gen0-winner-norm-d-score": 1.98436, "gen0-time": 7348, "gen1-front": [[840, 703274, 691545, 1.33173e+06], [1014, 539788, 541676, 1.00062e+06], [999, 448126, 589699, 688738], [948, 457838, 555549, 750269], [969, 452428, 568344, 722573], [840, 703274, 691545, 1.33173e+06], [969, 452428, 568344, 722573], [999, 448126, 589699, 688738]], "gen1-norm-front": [[0, 1, 1, 1], [1, 0.35925, 0, 0.485038], [0.913793, 0, 0.320433, 0], [0.62069, 0.0380642, 0.0925675, 0.0956944], [0.741379, 0.0168608, 0.177942, 0.0526209], [0, 1, 1, 1], [0.741379, 0.0168608, 0.177942, 0.0526209], [0.913793, 0, 0.320433, 0]], "gen1-raw-d-score": [2.08143e+06, 1.61522e+06, 1.45054e+06, 1.45979e+06, 1.94837e+06, 1.94837e+06, 1.4397e+06, 1.0114e+06], "gen1-norm-d-score": [2.0891, 1.51724, 1.1585, 0.99438, 1.89324, 1.89324, 1.23372, 0.968347], "gen1-sparsity": 3.12715e+10, "gen1-raw-winner": [840, 703274, 691545, 1.33173e+06], "gen1-norm-winner": [0, 1, 1, 1], "gen1-winner-raw-d-score": 1.94837e+06, "gen1-winner-norm-d-score": 1.89324, "gen1-time": 6690, "gen2-front": [[840, 703274, 691545, 1.33173e+06], [1014, 539788, 541676, 1.00062e+06], [999, 448126, 589699, 688738], [969, 452428, 568344, 722573], [948, 457838, 555549, 750269], [840, 703274, 691545, 1.33173e+06], [969, 452428, 568344, 722573], [999, 448126, 589699, 688738]], "gen2-norm-front": [[0, 1, 1, 1], [1, 0.35925, 0, 0.485038], [0.913793, 0, 0.320433, 0], [0.741379, 0.0168608, 0.177942, 0.0526209], [0.62069, 0.0380642, 0.0925675, 0.0956944], [0, 1, 1, 1], [0.741379, 0.0168608, 0.177942, 0.0526209], [0.913793, 0, 0.320433, 0]], "gen2-raw-d-score": [2.08143e+06, 1.61522e+06, 1.4397e+06, 1.45979e+06, 1.9564e+06, 1.94837e+06, 1.4397e+06, 1.0114e+06], "gen2-norm-d-score": [2.0891, 1.51724, 1.23372, 0.99438, 1.84511, 1.89324, 1.23372, 0.968347], "gen2-sparsity": 3.12715e+10, "gen2-raw-winner": [840, 703274, 691545, 1.33173e+06], "gen2-norm-winner": [0, 1, 1, 1], "gen2-winner-raw-d-score": 1.94837e+06, "gen2-winner-norm-d-score": 1.89324, "gen2-time": 7093, "gen3-front": [[840, 703274, 691545, 1.33173e+06], [1014, 539788, 541676, 1.00062e+06], [999, 448126, 589699, 688738], [969, 452428, 568344, 722573], [999, 448126, 589699, 688738], [969, 452428, 568344, 722573], [948, 457838, 555549, 750269], [840, 703274, 691545, 1.33173e+06], [969, 452428, 568344, 722573], [999, 448126, 589699, 688738]], "gen3-norm-front": [[0, 1, 1, 1], [1, 0.35925, 0, 0.485038], [0.913793, 0, 0.320433, 0], [0.741379, 0.0168608, 0.177942, 0.0526209], [0.913793, 0, 0.320433, 0], [0.741379, 0.0168608, 0.177942, 0.0526209], [0.62069, 0.0380642, 0.0925675, 0.0956944], [0, 1, 1, 1], [0.741379, 0.0168608, 0.177942, 0.0526209], [0.913793, 0, 0.320433, 0]], "gen3-raw-d-score": [2.12913e+06, 1.67739e+06, 1.50783e+06, 1.50912e+06, 1.51075e+06, 1.62036e+06, 2.00803e+06, 1.99924e+06, 1.4397e+06, 1.0114e+06], "gen3-norm-d-score": [2.28021, 1.68877, 1.53528, 1.43944, 1.38158, 1.41024, 1.98856, 2.10223, 1.23372, 0.968347], "gen3-sparsity": 2.43222e+10, "gen3-raw-winner": [840, 703274, 691545, 1.33173e+06], "gen3-norm-winner": [0, 1, 1, 1], "gen3-winner-raw-d-score": 1.99924e+06, "gen3-winner-norm-d-score": 2.10223, "gen3-time": 7081, "gen4-front": [[840, 703274, 691545, 1.33173e+06], [1014, 539788, 541676, 1.00062e+06], [999, 448126, 589699, 688738], [969, 452428, 568344, 722573], [999, 448126, 589699, 688738], [969, 452428, 568344, 722573], [999, 448126, 589699, 688738], [948, 457838, 555549, 750269], [840, 703274, 691545, 1.33173e+06], [969, 452428, 568344, 722573], [999, 448126, 589699, 688738]], "gen4-norm-front": [[0, 1, 1, 1], [1, 0.35925, 0, 0.485038], [0.913793, 0, 0.320433, 0], [0.741379, 0.0168608, 0.177942, 0.0526209], [0.913793, 0, 0.320433, 0], [0.741379, 0.0168608, 0.177942, 0.0526209], [0.913793, 0, 0.320433, 0], [0.62069, 0.0380642, 0.0925675, 0.0956944], [0, 1, 1, 1], [0.741379, 0.0168608, 0.177942, 0.0526209], [0.913793, 0, 0.320433, 0]], "gen4-raw-d-score": [1.65721e+06, 1.25937e+06, 1.0114e+06, 1.02461e+06, 1.0114e+06, 1.02461e+06, 1.0114e+06, 1.03979e+06, 1.65721e+06, 1.02461e+06, 1.0114e+06], "gen4-norm-d-score": [719897, 1.16804, 0.968347, 0.764434, 0.968347, 0.764434, 0.968347, 0.635949, 1.73205, 0.764434, 1.23259], "gen4-sparsity": 2.189e+10, "gen4-raw-winner": [840, 703274, 691545, 1.33173e+06], "gen4-norm-winner": [0, 1, 1, 1], "gen4-winner-raw-d-score": 1.65721e+06, "gen4-winner-norm-d-score": 1.73205, "gen4-time": 7081, "gen5-front": [[840, 703274, 691545, 1.33173e+06], [1014, 539788, 541676, 1.00062e+06], [999, 448126, 589699, 688738], [969, 452428, 568344, 722573], [840, 703274, 691545, 1.33173e+06], [969, 452428, 568344, 722573], [999, 448126, 589699, 688738]], "gen5-norm-front": [[0, 1, 1, 1], [1, 0.35925, 0, 0.485038], [0.913793, 0, 0.320433, 0], [0.741379, 0.0168608, 0.177942, 0.0526209], [0, 1, 1, 1], [0.741379, 0.0168608, 0.177942, 0.0526209], [0.913793, 0, 0.320433, 0]], "gen5-raw-d-score": [1.82514e+06, 1.46102e+06, 1.24524e+06, 1.4222e+06, 1.80943e+06, 1.26427e+06, 1.0114e+06], "gen5-norm-d-score": [2.03201, 1.51724, 1.23259, 1.60759, 1.89251, 1.23372, 0.968347], "gen5-sparsity": 3.90015e+10, "gen5-raw-winner": [840, 703274, 691545, 1.33173e+06], "gen5-norm-winner": [0, 1, 1, 1], "gen5-winner-raw-d-score": 1.80943e+06, "gen5-winner-norm-d-score": 1.89251, "gen5-time": 7107}, {"source": 222062, "target": 292478, "gen0-front": [[1003, 4.85629e+06, 4.33874e+06, 9.43368e+06], [2094, 1.35974e+06, 1.70976e+06, 2.19145e+06], [2595, 1.63889e+06, 1.65735e+06, 3.01195e+06], [2376, 1.37381e+06, 1.81044e+06, 2.12805e+06], [2094, 1.35974e+06, 1.70976e+06, 2.19145e+06], [2376, 1.37381e+06, 1.81044e+06, 2.12805e+06], [2094, 1.35974e+06, 1.70976e+06, 2.19145e+06], [2367, 1.37299e+06, 1.80817e+06, 2.1293e+06]], "gen0-norm-front": [[0, 1, 1, 1], [0.685302, 0, 0.0195473, 0.00867851], [1, 0.0798361, 0, 0.12099], [0.862437, 0.00402311, 0.0570958, 0], [0.685302, 0, 0.0195473, 0.00867851], [0.862437, 0.00402311, 0.0570958, 0], [0.685302, 0, 0.0195473, 0.00867851], [0.856784, 0.00378859, 0.0562462, 0.000171238]], "gen0-raw-d-score": [1.14631e+07, 3.09429e+06, 4.91918e+06, 3.11346e+06, 3.09429e+06, 3.11346e+06, 3.09429e+06, 3.11263e+06], "gen0-norm-d-score": [1.86282, 0.685635, 1.01045, 0.864334, 0.685635, 0.864334, 0.685635, 0.858637], "gen0-sparsity": 8.39178e+12, "gen0-raw-winner": [1003, 4.85629e+06, 4.33874e+06, 9.43368e+06], "gen0-norm-winner": [0, 1, 1, 1], "gen0-winner-naw-d-score": 1.14631e+07, "gen0-winner-norm-d-score": 1.86282, "gen0-time": 14161, "gen1-front": [[1003, 4.85629e+06, 4.33874e+06, 9.43368e+06], [2595, 1.63889e+06, 1.65735e+06, 3.01195e+06], [2376, 1.37381e+06, 1.81044e+06, 2.12805e+06], [2094, 1.35974e+06, 1.70976e+06, 2.19145e+06], [2367, 1.37299e+06, 1.80817e+06, 2.1293e+06], [1003, 4.85629e+06, 4.33874e+06, 9.43368e+06], [2094, 1.35974e+06, 1.70976e+06, 2.19145e+06]], "gen1-norm-front": [[0, 1, 1, 1], [1, 0.0798361, 0, 0.12099], [0.862437, 0.00402311, 0.0570958, 0], [0.685302, 0, 0.0195473, 0.00867851], [0.856784, 0.00378859, 0.0562462, 0.000171238], [0, 1, 1, 1], [0.685302, 0, 0.0195473, 0.00867851]], "gen1-raw-d-score": [1.16977e+07, 4.43505e+06, 3.8034e+06, 3.83787e+06, 7.21781e+06, 1.16694e+07, 3.09429e+06], "gen1-norm-d-score": [2.00159, 1.32969, 1.10322, 1.0988, 1.65447, 1.8628, 0.685635], "gen1-sparsity": 9.79041e+12, "gen1-raw-winner": [1003, 4.85629e+06, 4.33874e+06, 9.43368e+06], "gen1-norm-winner": [0, 1, 1, 1], "gen1-winner-raw-d-score": 1.16694e+07, "gen1-winner-norm-d-score": 1.8628, "gen1-time": 12834, "gen2-front": [[1003, 4.85629e+06, 4.33874e+06, 9.43368e+06], [2595, 1.63889e+06, 1.65735e+06, 3.01195e+06], [2376, 1.37381e+06, 1.81044e+06, 2.12805e+06], [2367, 1.37299e+06, 1.80817e+06, 2.1293e+06], [2094, 1.35974e+06, 1.70976e+06, 2.19145e+06], [1003, 4.85629e+06, 4.33874e+06, 9.43368e+06], [2094, 1.35974e+06, 1.70976e+06, 2.19145e+06], [2367, 1.37299e+06, 1.80817e+06, 2.1293e+06], [2091, 1.37673e+06, 1.68599e+06, 2.25001e+06], [2094, 1.35974e+06, 1.70976e+06, 2.19145e+06]], "gen2-norm-front": [[0, 1, 1, 1], [1, 0.0798361, 0, 0.12099], [0.862437, 0.00402311, 0.0570958, 0], [0.856784, 0.00378859, 0.0562462, 0.000171238], [0.685302, 0, 0.0195473, 0.00867851], [0, 1, 1, 1], [0.685302, 0, 0.0195473, 0.00867851], [0.856784, 0.00378859, 0.0562462, 0.000171238], [0.683417, 0.00485936, 0.0106818, 0.0166944], [0.685302, 0, 0.0195473, 0.00867851]], "gen2-raw-d-score": [1.14631e+07, 3.8085e+06, 3.11346e+06, 3.11263e+06, 1.18734e+07, 1.14631e+07, 3.09429e+06, 3.11263e+06, 3.41312e+06, 3.09429e+06], "gen2-norm-d-score": [2.18285, 1.58183, 1.21833, 0.858637, 1.21247, 1.86282, 0.685635, 0.858637, 0.968046, 0.685635], "gen2-sparsity": 6.5167e+12, "gen2-raw-winner": [1003, 4.85629e+06, 4.33874e+06, 9.43368e+06], "gen2-norm-winner": [0, 1, 1, 1], "gen2-winner-raw-d-score": 1.14631e+07, "gen2-winner-norm-d-score": 1.86282, "gen2-time": 13383, "gen3-front": [[1003, 4.85629e+06, 4.33874e+06, 9.43368e+06], [2595, 1.63889e+06, 1.65735e+06, 3.01195e+06], [2376, 1.37381e+06, 1.81044e+06, 2.12805e+06], [2367, 1.37299e+06, 1.80817e+06, 2.1293e+06], [2094, 1.35974e+06, 1.70976e+06, 2.19145e+06], [2091, 1.37673e+06, 1.68599e+06, 2.25001e+06], [1003, 4.85629e+06, 4.33874e+06, 9.43368e+06], [2094, 1.35974e+06, 1.70976e+06, 2.19145e+06]], "gen3-norm-front": [[0, 1, 1, 1], [1, 0.0798361, 0, 0.12099], [0.862437, 0.00402311, 0.0570958, 0], [0.856784, 0.00378859, 0.0562462, 0.000171238], [0.685302, 0, 0.0195473, 0.00867851], [0.683417, 0.00485936, 0.0106818, 0.0166944], [0, 1, 1, 1], [0.685302, 0, 0.0195473, 0.00867851]], "gen3-raw-d-score": [1.20792e+07, 4.91918e+06, 4.40252e+06, 4.38898e+06, 4.40172e+06, 1.18829e+07, 1.18734e+07, 3.09429e+06], "gen3-norm-d-score": [2.00525, 1.32969, 1.21833, 1.0988, 0.968282, 1.86212, 1.86282, 0.685635], "gen3-sparsity": 8.37862e+12, "gen3-raw-winner": [1003, 4.85629e+06, 4.33874e+06, 9.43368e+06], "gen3-norm-winner": [0, 1, 1, 1], "gen3-winner-raw-d-score": 1.18734e+07, "gen3-winner-norm-d-score": 1.86282, "gen3-time": 13246, "gen4-front": [[1003, 4.85629e+06, 4.33874e+06, 9.43368e+06], [2595, 1.63889e+06, 1.65735e+06, 3.01195e+06], [2376, 1.37381e+06, 1.81044e+06, 2.12805e+06], [2367, 1.37299e+06, 1.80817e+06, 2.1293e+06], [2094, 1.35974e+06, 1.70976e+06, 2.19145e+06], [2091, 1.37673e+06, 1.68599e+06, 2.25001e+06], [1003, 4.85629e+06, 4.33874e+06, 9.43368e+06], [2094, 1.35974e+06, 1.70976e+06, 2.19145e+06]], "gen4-norm-front": [[0, 1, 1, 1], [1, 0.0798361, 0, 0.12099], [0.862437, 0.00402311, 0.0570958, 0], [0.856784, 0.00378859, 0.0562462, 0.000171238], [0.685302, 0, 0.0195473, 0.00867851], [0.683417, 0.00485936, 0.0106818, 0.0166944], [0, 1, 1, 1], [0.685302, 0, 0.0195473, 0.00867851]], "gen4-raw-d-score": [1.20792e+07, 4.91918e+06, 4.40252e+06, 4.38898e+06, 4.40172e+06, 1.18829e+07, 1.18734e+07, 3.09429e+06], "gen4-norm-d-score": [2.00525, 1.32969, 1.21833, 1.0988, 0.968282, 1.86212, 1.86282, 0.685635], "gen4-sparsity": 8.37862e+12, "gen4-raw-winner": [1003, 4.85629e+06, 4.33874e+06, 9.43368e+06], "gen4-norm-winner": [0, 1, 1, 1], "gen4-winner-raw-d-score": 1.18734e+07, "gen4-winner-norm-d-score": 1.86282, "gen4-time": 13355, "gen5-front": [[1003, 4.85629e+06, 4.33874e+06, 9.43368e+06], [2595, 1.63889e+06, 1.65735e+06, 3.01195e+06], [2376, 1.37381e+06, 1.81044e+06, 2.12805e+06], [2367, 1.37299e+06, 1.80817e+06, 2.1293e+06], [2094, 1.35974e+06, 1.70976e+06, 2.19145e+06], [2091, 1.37673e+06, 1.68599e+06, 2.25001e+06], [1003, 4.85629e+06, 4.33874e+06, 9.43368e+06], [2094, 1.35974e+06, 1.70976e+06, 2.19145e+06], [2367, 1.37299e+06, 1.80817e+06, 2.1293e+06]], "gen5-norm-front": [[0, 1, 1, 1], [1, 0.0798361, 0, 0.12099], [0.862437, 0.00402311, 0.0570958, 0], [0.856784, 0.00378859, 0.0562462, 0.000171238], [0.685302, 0, 0.0195473, 0.00867851], [0.683417, 0.00485936, 0.0106818, 0.0166944], [0, 1, 1, 1], [0.685302, 0, 0.0195473, 0.00867851], [0.856784, 0.00378859, 0.0562462, 0.000171238]], "gen5-raw-d-score": [1.20792e+07, 4.91918e+06, 4.40252e+06, 4.38898e+06, 4.40172e+06, 1.18829e+07, 1.18734e+07, 4.38898e+06, 3.11263e+06], "gen5-norm-d-score": [2.18284, 1.58182, 1.39784, 1.29399, 0.968282, 1.98422, 2.05041, 1.0988, 0.858637], "gen5-sparsity": 7.33129e+12, "gen5-raw-winner": [1003, 4.85629e+06, 4.33874e+06, 9.43368e+06], "gen5-norm-winner": [0, 1, 1, 1], "gen5-winner-raw-d-score": 1.18734e+07, "gen5-winner-norm-d-score": 2.05041, "gen5-time": 13324}, {"source": 228035, "target": 64799, "gen0-front": [[873, 774693, 815472, 1.40569e+06], [1011, 572795, 778401, 833194], [1086, 679826, 728483, 1.20369e+06], [1077, 575256, 788969, 826929], [1011, 573146, 778150, 832567], [984, 576332, 765995, 859734], [990, 578761, 762752, 866068], [1077, 575256, 788969, 826929], [1011, 573146, 778150, 832567]], "gen0-norm-front": [[0, 1, 1, 1], [0.647887, 0, 0.573843, 0.0108248], [1, 0.530124, 0, 0.650971], [0.957746, 0.0121893, 0.695329, 0], [0.647887, 0.0017385, 0.570957, 0.00974143], [0.521127, 0.0175187, 0.431227, 0.056681], [0.549296, 0.0295496, 0.393946, 0.067625], [0.957746, 0.0121893, 0.695329, 0], [0.647887, 0.0017385, 0.570957, 0.00974143]], "gen0-raw-d-score": [2.20666e+06, 2.01741e+06, 2.01963e+06, 1.80676e+06, 1.81252e+06, 1.82343e+06, 1.8177e+06, 1.80676e+06, 1.27561e+06], "gen0-norm-d-score": [2.17926, 1.83609, 1.87762, 1.5551, 1.22826, 1.35672, 1.51097, 1.46518, 0.863625], "gen0-sparsity": 2.21178e+10, "gen0-raw-winner": [873, 774693, 815472, 1.40569e+06], "gen0-norm-winner": [0, 1, 1, 1], "gen0-winner-naw-d-score": 2.20666e+06, "gen0-winner-norm-d-score": 2.17926, "gen0-time": 7392, "gen1-front": [[873, 774693, 815472, 1.40569e+06], [1086, 679826, 728483, 1.20369e+06], [1077, 575256, 788969, 826929], [990, 578761, 762752, 866068], [1011, 573146, 778150, 832567], [1011, 572795, 778401, 833194], [984, 576332, 765995, 859734], [873, 774693, 815472, 1.40569e+06], [984, 576332, 765995, 859734], [1077, 575256, 788969, 826929], [1011, 573146, 778150, 832567]], "gen1-norm-front": [[0, 1, 1, 1], [1, 0.530124, 0, 0.650971], [0.957746, 0.0121893, 0.695329, 0], [0.549296, 0.0295496, 0.393946, 0.067625], [0.647887, 0.0017385, 0.570957, 0.00974143], [0.647887, 0, 0.573843, 0.0108248], [0.521127, 0.0175187, 0.431227, 0.056681], [0, 1, 1, 1], [0.521127, 0.0175187, 0.431227, 0.056681], [0.957746, 0.0121893, 0.695329, 0], [0.647887, 0.0017385, 0.570957, 0.00974143]], "gen1-raw-d-score": [2.57609e+06, 2.2351e+06, 2.05865e+06, 2.05621e+06, 2.04311e+06, 2.1334e+06, 2.41207e+06, 2.41921e+06, 2.05652e+06, 1.80676e+06, 1.27561e+06], "gen1-norm-d-score": [2.47097, 1.88772, 1.61525, 1.39902, 1.39745, 1.79171, 1.97962, 2.20499, 1.61484, 1.46518, 0.863625], "gen1-sparsity": 1.76943e+10, "gen1-raw-winner": [873, 774693, 815472, 1.40569e+06], "gen1-norm-winner": [0, 1, 1, 1], "gen1-winner-raw-d-score": 2.41921e+06, "gen1-winner-norm-d-score": 2.20499, "gen1-time": 6816, "gen2-front": [[873, 774693, 815472, 1.40569e+06], [1086, 679826, 728483, 1.20369e+06], [1077, 575256, 788969, 826929], [990, 578761, 762752, 866068], [984, 576332, 765995, 859734], [1011, 573146, 778150, 832567], [873, 774693, 815472, 1.40569e+06], [984, 576332, 765995, 859734], [1077, 575256, 788969, 826929], [1011, 573146, 778150, 832567]], "gen2-norm-front": [[0, 1, 1, 1], [1, 0.529306, 0, 0.650971], [0.957746, 0.010469, 0.695329, 0], [0.549296, 0.0278595, 0.393946, 0.067625], [0.521127, 0.0158077, 0.431227, 0.056681], [0.647887, 0, 0.570957, 0.00974143], [0, 1, 1, 1], [0.521127, 0.0158077, 0.431227, 0.056681], [0.957746, 0.010469, 0.695329, 0], [0.647887, 0, 0.570957, 0.00974143]], "gen2-raw-d-score": [1.80031e+06, 1.5626e+06, 1.27953e+06, 1.29106e+06, 1.28765e+06, 1.27561e+06, 1.80031e+06, 1.28765e+06, 1.27953e+06, 1.27561e+06], "gen2-norm-d-score": [1.73205, 1.30535, 1.18358, 0.679904, 0.678964, 0.863623, 1.73205, 0.678964, 1.18358, 0.863623], "gen2-sparsity": 1.96646e+10, "gen2-raw-winner": [873, 774693, 815472, 1.40569e+06], "gen2-norm-winner": [0, 1, 1, 1], "gen2-winner-raw-d-score": 1.80031e+06, "gen2-winner-norm-d-score": 1.73205, "gen2-time": 6910, "gen3-front": [[873, 774693, 815472, 1.40569e+06], [1086, 679826, 728483, 1.20369e+06], [1077, 575256, 788969, 826929], [990, 578761, 762752, 866068], [984, 576332, 765995, 859734], [1011, 573146, 778150, 832567], [873, 774693, 815472, 1.40569e+06], [984, 576332, 765995, 859734], [1077, 575256, 788969, 826929], [1011, 573146, 778150, 832567]], "gen3-norm-front": [[0, 1, 1, 1], [1, 0.529306, 0, 0.650971], [0.957746, 0.010469, 0.695329, 0], [0.549296, 0.0278595, 0.393946, 0.067625], [0.521127, 0.0158077, 0.431227, 0.056681], [0.647887, 0, 0.570957, 0.00974143], [0, 1, 1, 1], [0.521127, 0.0158077, 0.431227, 0.056681], [0.957746, 0.010469, 0.695329, 0], [0.647887, 0, 0.570957, 0.00974143]], "gen3-raw-d-score": [2.4523e+06, 2.10093e+06, 1.90688e+06, 1.91138e+06, 1.97114e+06, 2.28045e+06, 2.28694e+06, 1.90362e+06, 1.80676e+06, 1.27561e+06], "gen3-norm-d-score": [2.37093, 1.84589, 1.46115, 1.15889, 1.48554, 2.00441, 2.09246, 1.5105, 1.46517, 0.863623], "gen3-sparsity": 1.96646e+10, "gen3-raw-winner": [873, 774693, 815472, 