{"data": [{"source": 200128, "target": 37658, "gen0-front": [[966, 1.13237e+06, 1.04308e+06, 2.18906e+06], [1317, 687924, 905121, 1.04533e+06], [1575, 829639, 868224, 1.48612e+06], [1311, 687967, 905049, 1.04526e+06], [1257, 692858, 888477, 1.07759e+06], [1311, 687967, 905049, 1.04526e+06]], "gen0-norm-front": [[0, 1, 1, 1], [0.576355, 0, 0.211008, 6.29482e-05], [1, 0.318859, 0, 0.385438], [0.566502, 9.67501e-05, 0.210596, 0], [0.477833, 0.0111015, 0.115823, 0.0282629], [0.566502, 9.67501e-05, 0.210596, 0]], "gen0-raw-d-score": [2.76324e+06, 1.75314e+06, 2.03076e+06, 1.69264e+06, 1.7041e+06, 1.54434e+06], "gen0-norm-d-score": [1.82543, 1.21589, 1.25346, 0.770534, 0.750724, 0.60438], "gen0-sparsity": 1.58431e+11, "gen0-raw-winner": [1311, 687967, 905049, 1.04526e+06], "gen0-norm-winner": [0.566502, 9.67501e-05, 0.210596, 0], "gen0-winner-naw-d-score": 1.54434e+06, "gen0-winner-norm-d-score": 0.60438, "gen0-time": 11625, "gen1-front": [[1311, 687967, 905049, 1.04526e+06], [1257, 692858, 888477, 1.07759e+06], [1317, 687924, 905121, 1.04533e+06], [1575, 829639, 868224, 1.48612e+06], [966, 1.13237e+06, 1.04308e+06, 2.18906e+06], [1311, 687967, 905049, 1.04526e+06], [966, 1.13237e+06, 1.04308e+06, 2.18906e+06], [1311, 687967, 905049, 1.04526e+06]], "gen1-norm-front": [[0.566502, 9.67501e-05, 0.210596, 0], [0.477833, 0.0111015, 0.115823, 0.0282629], [0.576355, 0, 0.211008, 6.29482e-05], [1, 0.318859, 0, 0.385438], [0, 1, 1, 1], [0.566502, 9.67501e-05, 0.210596, 0], [0, 1, 1, 1], [0.566502, 9.67501e-05, 0.210596, 0]], "gen1-raw-d-score": [2.19445e+06, 2.1945e+06, 2.45681e+06, 3.28831e+06, 3.08986e+06, 3.08986e+06, 3.08986e+06, 1.54434e+06], "gen1-norm-d-score": [0.779703, 0.787001, 1.27552, 2.06161, 1.83447, 1.83447, 1.83447, 0.60438], "gen1-sparsity": 1.13165e+11, "gen1-raw-winner": [1311, 687967, 905049, 1.04526e+06], "gen1-norm-winner": [0.566502, 9.67501e-05, 0.210596, 0], "gen1-winner-raw-d-score": 1.54434e+06, "gen1-winner-norm-d-score": 0.60438, "gen1-time": 10145, "gen2-front": [[1311, 687967, 905049, 1.04526e+06], [1257, 692858, 888477, 1.07759e+06], [1317, 687924, 905121, 1.04533e+06], [1575, 829639, 868224, 1.48612e+06], [966, 1.13237e+06, 1.04308e+06, 2.18906e+06], [1311, 687967, 905049, 1.04526e+06], [966, 1.13237e+06, 1.04308e+06, 2.18906e+06], [1251, 690429, 891720, 1.07126e+06], [1257, 692858, 888477, 1.07759e+06]], "gen2-norm-front": [[0.566502, 9.67501e-05, 0.210596, 0], [0.477833, 0.0111015, 0.115823, 0.0282629], [0.576355, 0, 0.211008, 6.29482e-05], [1, 0.318859, 0, 0.385438], [0, 1, 1, 1], [0.566502, 9.67501e-05, 0.210596, 0], [0, 1, 1, 1], [0.46798, 0.00563626, 0.13437, 0.0227252], [0.477833, 0.0111015, 0.115823, 0.0282629]], "gen2-raw-d-score": [1.54434e+06, 1.55905e+06, 1.54441e+06, 1.91068e+06, 2.67624e+06, 1.54434e+06, 2.67624e+06, 1.55546e+06, 1.55905e+06], "gen2-norm-d-score": [0.60438, 0.492606, 0.613766, 1.11814, 1.73205, 0.60438, 1.73205, 0.487451, 0.492606], "gen2-sparsity": 9.89662e+10, "gen2-raw-winner": [1251, 690429, 891720, 1.07126e+06], "gen2-norm-winner": [0.46798, 0.00563626, 0.13437, 0.0227252], "gen2-winner-raw-d-score": 1.55546e+06, "gen2-winner-norm-d-score": 0.487451, "gen2-time": 10224, "gen3-front": [[1251, 690429, 891720, 1.07126e+06], [1311, 687967, 905049, 1.04526e+06], [1257, 692858, 888477, 1.07759e+06], [1317, 687924, 905121, 1.04533e+06], [1575, 829639, 868224, 1.48612e+06], [966, 1.13237e+06, 1.04308e+06, 2.18906e+06], [1311, 687967, 905049, 1.04526e+06], [966, 1.13237e+06, 1.04308e+06, 2.18906e+06], [1311, 687967, 905049, 1.04526e+06]], "gen3-norm-front": [[0.46798, 0.00563626, 0.13437, 0.0227252], [0.566502, 9.67501e-05, 0.210596, 0], [0.477833, 0.0111015, 0.115823, 0.0282629], [0.576355, 0, 0.211008, 6.29482e-05], [1, 0.318859, 0, 0.385438], [0, 1, 1, 1], [0.566502, 9.67501e-05, 0.210596, 0], [0, 1, 1, 1], [0.566502, 9.67501e-05, 0.210596, 0]], "gen3-raw-d-score": [1.55546e+06, 1.54434e+06, 1.55905e+06, 1.54441e+06, 1.91068e+06, 2.67624e+06, 1.54434e+06, 2.67624e+06, 1.54434e+06], "gen3-norm-d-score": [0.487451, 0.60438, 0.492606, 0.613766, 1.11814, 1.73205, 0.60438, 1.73205, 0.60438], "gen3-sparsity": 9.89662e+10, "gen3-raw-winner": [1251, 690429, 891720, 1.07126e+06], "gen3-norm-winner": [0.46798, 0.00563626, 0.13437, 0.0227252], "gen3-winner-raw-d-score": 1.55546e+06, "gen3-winner-norm-d-score": 0.487451, "gen3-time": 10201, "gen4-front": [[1251, 690429, 891720, 1.07126e+06], [1311, 687967, 905049, 1.04526e+06], [1257, 692858, 888477, 1.07759e+06], [1317, 687924, 905121, 1.04533e+06], [1575, 829639, 868224, 1.48612e+06], [966, 1.13237e+06, 1.04308e+06, 2.18906e+06], [1311, 687967, 905049, 1.04526e+06], [966, 1.13237e+06, 1.04308e+06, 2.18906e+06], [1311, 687967, 905049, 1.04526e+06]], "gen4-norm-front": [[0.46798, 0.00563626, 0.13437, 0.0227252], [0.566502, 9.67501e-05, 0.210596, 0], [0.477833, 0.0111015, 0.115823, 0.0282629], [0.576355, 0, 0.211008, 6.29482e-05], [1, 0.318859, 0, 0.385438], [0, 1, 1, 1], [0.566502, 9.67501e-05, 0.210596, 0], [0, 1, 1, 1], [0.566502, 9.67501e-05, 0.210596, 0]], "gen4-raw-d-score": [1.55546e+06, 1.54434e+06, 1.55905e+06, 1.54441e+06, 1.91068e+06, 2.67624e+06, 1.54434e+06, 2.67624e+06, 1.54434e+06], "gen4-norm-d-score": [0.487451, 0.60438, 1317, 0.613766, 1.11814, 1.73205, 0.60438, 1.73205, 0.60438], "gen4-sparsity": 9.89662e+10, "gen4-raw-winner": [1251, 690429, 891720, 1.07126e+06], "gen4-norm-winner": [0.46798, 0.00563626, 0.13437, 0.0227252], "gen4-winner-raw-d-score": 1.55546e+06, "gen4-winner-norm-d-score": 0.487451, "gen4-time": 10189, "gen5-front": [[1251, 690429, 891720, 1.07126e+06], [1311, 687967, 905049, 1.04526e+06], [1317, 687924, 905121, 1.04533e+06], [1257, 692858, 888477, 1.07759e+06], [1575, 829639, 868224, 1.48612e+06], [966, 1.13237e+06, 1.04308e+06, 2.18906e+06], [1311, 687967, 905049, 1.04526e+06], [966, 1.13237e+06, 1.04308e+06, 2.18906e+06], [1311, 687967, 905049, 1.04526e+06]], "gen5-norm-front": [[0.46798, 0.00563626, 0.13437, 0.0227252], [0.566502, 9.67501e-05, 0.210596, 0], [0.576355, 0, 0.211008, 6.29482e-05], [0.477833, 0.0111015, 0.115823, 0.0282629], [1, 0.318859, 0, 0.385438], [0, 1, 1, 1], [0.566502, 9.67501e-05, 0.210596, 0], [0, 1, 1, 1], [0.566502, 9.67501e-05, 0.210596, 0]], "gen5-raw-d-score": [1.55546e+06, 1.54434e+06, 1.54441e+06, 1.55905e+06, 1.91068e+06, 2.67624e+06, 1.54434e+06, 2.67624e+06, 1.54434e+06], "gen5-norm-d-score": [0.487451, 0.60438, 0.613766, 0.492606, 1.11814, 1.73205, 0.60438, 1.73205, 0.60438], "gen5-sparsity": 9.89662e+10, "gen5-raw-winner": [1251, 690429, 891720, 1.07126e+06], "gen5-norm-winner": [0.46798, 0.00563626, 0.13437, 0.0227252], "gen5-winner-raw-d-score": 1.55546e+06, "gen5-winner-norm-d-score": 0.487451, "gen5-time": 10265}, {"source": 75608, "target": 287676, "gen0-front": [[685, 2.85274e+06, 2.60199e+06, 5.58602e+06], [1221, 1.04278e+06, 1.20231e+06, 1.79355e+06], [1199, 1.12031e+06, 1.18015e+06, 2.00887e+06], [1524, 1.06916e+06, 1.42906e+06, 1.63859e+06], [1188, 1.04355e+06, 1.19594e+06, 1.79591e+06], [1521, 1.06904e+06, 1.42907e+06, 1.6386e+06], [1188, 1.04355e+06, 1.19594e+06, 1.79591e+06], [1194, 1.0434e+06, 1.19778e+06, 1.7896e+06]], "gen0-norm-front": [[0, 1, 1, 1], [0.638856, 0, 0.015584, 0.0392554], [0.612634, 0.0428362, 0, 0.0938035], [1, 0.0145754, 0.175064, 0], [0.599523, 0.000424317, 0.0111039, 0.039853], [0.996424, 0.0145124, 0.175068, 3.29328e-06], [0.599523, 0.000424317, 0.0111039, 0.039853], [0.606675, 0.0003431, 0.012398, 0.0382558]], "gen0-raw-d-score": [7.20152e+06, 3.52607e+06, 3.54312e+06, 3.40805e+06, 3.40803e+06, 3.40803e+06, 3.38682e+06, 2.39291e+06], "gen0-norm-d-score": [1.8466, 0.892118, 1.1903, 1.17983, 1.1768, 1.1768, 0.854875, 0.608006], "gen0-sparsity": 2.47089e+12, "gen0-raw-winner": [1194, 1.0434e+06, 1.19778e+06, 1.7896e+06], "gen0-norm-winner": [0.606675, 0.0003431, 0.012398, 0.0382558], "gen0-winner-naw-d-score": 2.39291e+06, "gen0-winner-norm-d-score": 0.608006, "gen0-time": 16374, "gen1-front": [[1194, 1.0434e+06, 1.19778e+06, 1.7896e+06], [1188, 1.04355e+06, 1.19594e+06, 1.79591e+06], [1221, 1.04278e+06, 1.20231e+06, 1.79355e+06], [1199, 1.12031e+06, 1.18015e+06, 2.00887e+06], [1521, 1.06904e+06, 1.42907e+06, 1.6386e+06], [1524, 1.06916e+06, 1.42906e+06, 1.63859e+06], [685, 2.85274e+06, 2.60199e+06, 5.58602e+06], [1194, 1.0434e+06, 1.19778e+06, 1.7896e+06], [685, 2.85274e+06, 2.60199e+06, 5.58602e+06], [1194, 1.0434e+06, 1.19778e+06, 1.7896e+06]], "gen1-norm-front": [[0.606675, 0.0003431, 0.012398, 0.0382558], [0.599523, 0.000424317, 0.0111039, 0.039853], [0.638856, 0, 0.015584, 0.0392554], [0.612634, 0.0428362, 0, 0.0938035], [0.996424, 0.0145124, 0.175068, 3.29328e-06], [1, 0.0145754, 0.175064, 0], [0, 1, 1, 1], [0.606675, 0.0003431, 0.012398, 0.0382558], [0, 1, 1, 1], [0.606675, 0.0003431, 0.012398, 0.0382558]], "gen1-raw-d-score": [3.54372e+06, 3.57063e+06, 3.68456e+06, 3.70089e+06, 4.45854e+06, 7.28499e+06, 7.74444e+06, 7.27508e+06, 7.19987e+06, 2.39291e+06], "gen1-norm-d-score": [1.06722, 1.07155, 1.33752, 1.55238, 1.74774, 2.09736, 2.09038, 1.93332, 1.83567, 0.608006], "gen1-sparsity": 1.9218e+12, "gen1-raw-winner": [1194, 1.0434e+06, 1.19778e+06, 1.7896e+06], "gen1-norm-winner": [0.606675, 0.0003431, 0.012398, 0.0382558], "gen1-winner-raw-d-score": 2.39291e+06, "gen1-winner-norm-d-score": 0.608006, "gen1-time": 15042, "gen2-front": [[1194, 1.0434e+06, 1.19778e+06, 1.7896e+06], [1188, 1.04355e+06, 1.19594e+06, 1.79591e+06], [1221, 1.04278e+06, 1.20231e+06, 1.79355e+06], [1199, 1.12031e+06, 1.18015e+06, 2.00887e+06], [1521, 1.06904e+06, 1.42907e+06, 1.6386e+06], [1524, 1.06916e+06, 1.42906e+06, 1.63859e+06], [685, 2.85274e+06, 2.60199e+06, 5.58602e+06], [1194, 1.0434e+06, 1.19778e+06, 1.7896e+06], [685, 2.85274e+06, 2.60199e+06, 5.58602e+06]], "gen2-norm-front": [[0.606675, 0.0003431, 0.012398, 0.0382558], [0.599523, 0.000424317, 0.0111039, 0.039853], [0.638856, 0, 0.015584, 0.0392554], [0.612634, 0.0428362, 0, 0.0938035], [0.996424, 0.0145124, 0.175068, 3.29328e-06], [1, 0.0145754, 0.175064, 0], [0, 1, 1, 1], [0.606675, 0.0003431, 0.012398, 0.0382558], [0, 1, 1, 1]], "gen2-raw-d-score": [3.38682e+06, 3.39032e+06, 3.52607e+06, 3.54309e+06, 3.42643e+06, 7.20988e+06, 7.19987e+06, 7.19987e+06, 6.79059e+06], "gen2-norm-d-score": [1.06722, 1.07069, 1.33744, 1.55231, 1.43338, 2.09736, 1.83567, 1.83567, 1.73205], "gen2-sparsity": 2.16203e+12, "gen2-raw-winner": [1194, 1.0434e+06, 1.19778e+06, 1.7896e+06], "gen2-norm-winner": [0.606675, 0.0003431, 0.012398, 0.0382558], "gen2-winner-raw-d-score": 3.38682e+06, "gen2-winner-norm-d-score": 1.06722, "gen2-time": 14771, "gen3-front": [[1194, 1.0434e+06, 1.19778e+06, 1.7896e+06], [1188, 1.04355e+06, 1.19594e+06, 1.79591e+06], [1221, 1.04278e+06, 1.20231e+06, 1.79355e+06], [1199, 1.12031e+06, 1.18015e+06, 2.00887e+06], [1521, 1.06904e+06, 1.42907e+06, 1.6386e+06], [1524, 1.06916e+06, 1.42906e+06, 1.63859e+06], [685, 2.85274e+06, 2.60199e+06, 5.58602e+06], [1194, 1.0434e+06, 1.19778e+06, 1.7896e+06], [685, 2.85274e+06, 2.60199e+06, 5.58602e+06], [1515, 1.06705e+06, 1.41799e+06, 1.64658e+06]], "gen3-norm-front": [[0.606675, 0.0003431, 0.012398, 0.0382558], [0.599523, 0.000424317, 0.0111039, 0.039853], [0.638856, 0, 0.015584, 0.0392554], [0.612634, 0.0428362, 0, 0.0938035], [0.996424, 0.0145124, 0.175068, 3.29328e-06], [1, 0.0145754, 0.175064, 0], [0, 1, 1, 1], [0.606675, 0.0003431, 0.012398, 0.0382558], [0, 1, 1, 1], [0.989273, 0.0134113, 0.167275, 0.00202562]], "gen3-raw-d-score": [3.54372e+06, 3.57063e+06, 3.68456e+06, 3.70089e+06, 4.45854e+06, 7.28499e+06, 7.74444e+06, 7.27851e+06, 7.20921e+06, 2.42085e+06], "gen3-norm-d-score": [1.06722, 1.07155, 1.33752, 1.55238, 1.74774, 2.09736, 2.09038, 2.08531, 2.00171, 1.00341], "gen3-sparsity": 1.92101e+12, "gen3-raw-winner": [1194, 1.0434e+06, 1.19778e+06, 1.7896e+06], "gen3-norm-winner": [0.606675, 0.0003431, 0.012398, 0.0382558], "gen3-winner-raw-d-score": 3.54372e+06, "gen3-winner-norm-d-score": 1.06722, "gen3-time": 14840, "gen4-front": [[1194, 1.0434e+06, 1.19778e+06, 1.7896e+06], [1188, 1.04355e+06, 1.19594e+06, 1.79591e+06], [1221, 1.04278e+06, 1.20231e+06, 1.79355e+06], [1515, 1.06705e+06, 1.41799e+06, 1.64658e+06], [1199, 1.12031e+06, 1.18015e+06, 2.00887e+06], [1521, 1.06904e+06, 1.42907e+06, 1.6386e+06], [1524, 1.06916e+06, 1.42906e+06, 1.63859e+06], [685, 2.85274e+06, 2.60199e+06, 5.58602e+06], [1194, 1.0434e+06, 1.19778e+06, 1.7896e+06], [685, 2.85274e+06, 2.60199e+06, 5.58602e+06]], "gen4-norm-front": [[0.606675, 0.0003431, 0.012398, 0.0382558], [0.599523, 0.000424317, 0.0111039, 0.039853], [0.638856, 0, 0.015584, 0.0392554], [0.989273, 0.0134113, 0.167275, 0.00202562], [0.612634, 0.0428362, 0, 0.0938035], [0.996424, 0.0145124, 0.175068, 3.29328e-06], [1, 0.0145754, 0.175064, 0], [0, 1, 1, 1], [0.606675, 0.0003431, 0.012398, 0.0382558], [0, 1, 1, 1]], "gen4-raw-d-score": [3.54372e+06, 3.55428e+06, 3.58683e+06, 3.69957e+06, 3.70089e+06, 4.45854e+06, 7.28499e+06, 7.74444e+06, 7.19987e+06, 6.79059e+06], "gen4-norm-d-score": [1.06722, 1.32284, 1.33937, 1.54462, 1.55238, 1.74774, 2.09736, 2.09038, 1.83567, 1.73205], "gen4-sparsity": 1.92101e+12, "gen4-raw-winner": [1194, 1.0434e+06, 1.19778e+06, 1.7896e+06], "gen4-norm-winner": [0.606675, 0.0003431, 0.012398, 0.0382558], "gen4-winner-raw-d-score": 3.54372e+06, "gen4-winner-norm-d-score": 1.06722, "gen4-time": 14837, "gen5-front": [[1194, 1.0434e+06, 1.19778e+06, 1.7896e+06], [1188, 1.04355e+06, 1.19594e+06, 1.79591e+06], [1221, 1.04278e+06, 1.20231e+06, 1.79355e+06], [1515, 1.06705e+06, 1.41799e+06, 1.64658e+06], [1199, 1.12031e+06, 1.18015e+06, 2.00887e+06], [1521, 1.06904e+06, 1.42907e+06, 1.6386e+06], [1524, 1.06916e+06, 1.42906e+06, 1.63859e+06], [685, 2.85274e+06, 2.60199e+06, 5.58602e+06], [1194, 1.0434e+06, 1.19778e+06, 1.7896e+06], [685, 2.85274e+06, 2.60199e+06, 5.58602e+06]], "gen5-norm-front": [[0.606675, 0.0003431, 0.012398, 0.0382558], [0.599523, 0.000424317, 0.0111039, 0.039853], [0.638856, 0, 0.015584, 0.0392554], [0.989273, 0.0134113, 0.167275, 0.00202562], [0.612634, 0.0428362, 0, 0.0938035], [0.996424, 0.0145124, 0.175068, 3.29328e-06], [1, 0.0145754, 0.175064, 0], [0, 1, 1, 1], [0.606675, 0.0003431, 0.012398, 0.0382558], [0, 1, 1, 1]], "gen5-raw-d-score": [3.54372e+06, 3.55428e+06, 3.58683e+06, 3.69957e+06, 3.70089e+06, 4.45854e+06, 7.28499e+06, 7.74444e+06, 7.19987e+06, 6.79059e+06], "gen5-norm-d-score": [1.06722, 1.32284, 1.33937, 1.54462, 1.55238, 1.74774, 2.09736, 2.09038, 1.83567, 1.73205], "gen5-sparsity": 1.92101e+12, "gen5-raw-winner": [1194, 1.0434e+06, 1.19778e+06, 1.7896e+06], "gen5-norm-winner": [0.606675, 0.0003431, 0.012398, 0.0382558], "gen5-winner-raw-d-score": 3.54372e+06, "gen5-winner-norm-d-score": 1.06722, "gen5-time": 14811}, {"source": 270575, "target": 204881, "gen0-front": [[1167, 2.84419e+06, 2.58107e+06, 5.5863e+06], [1362, 639385, 884506, 958194], [1437, 712238, 849366, 1.1936e+06], [1350, 642668, 887134, 955186], [1356, 639428, 884434, 958122], [1434, 654099, 864855, 1.01521e+06], [1341, 640677, 877205, 965810], [1356, 639428, 884434, 958122], [1341, 640677, 877205, 965810], [1350, 642668, 887134, 955186]], "gen0-norm-front": [[0, 1, 1, 1], [0.722222, 0, 0.0202921, 0.000649519], [1, 0.0330428, 0, 0.05148], [0.677778, 0.00148902, 0.0218097, 0], [0.7, 1.95028e-05, 0.0202505, 0.000633972], [0.988889, 0.00667359, 0.00894435, 0.0129615], [0.644444, 0.000585992, 0.016076, 0.00229405], [0.7, 1.95028e-05, 0.0202505, 0.000633972], [0.644444, 0.000585992, 0.016076, 0.00229405], [0.677778, 0.00148902, 0.0218097, 0]], "gen0-raw-d-score": [6.77924e+06, 1.45234e+06, 1.62892e+06, 1.45341e+06, 1.45227e+06, 1.48542e+06, 1.45353e+06, 1.45227e+06, 1.45353e+06, 1.45341e+06], "gen0-norm-d-score": [1.73205, 0.722508, 1.00187, 0.67813, 0.700293, 0.989037, 0.644649, 0.700293, 1.19135, 0.67813], "gen0-sparsity": 2.97209e+12, "gen0-raw-winner": [1341, 640677, 877205, 965810], "gen0-norm-winner": [0.644444, 0.000585992, 0.016076, 0.00229405], "gen0-winner-naw-d-score": 1.45353e+06, "gen0-winner-norm-d-score": 0.644649, "gen0-time": 9456, "gen1-front": [[1341, 640677, 877205, 965810], [1356, 639428, 884434, 958122], [1341, 640677, 877205, 965810], [1350, 642668, 887134, 955186], [1362, 639385, 884506, 958194], [1434, 654099, 864855, 1.01521e+06], [1437, 712238, 849366, 1.1936e+06], [1167, 2.84419e+06, 2.58107e+06, 5.5863e+06], [1356, 639428, 884434, 958122], [1167, 2.84419e+06, 2.58107e+06, 5.5863e+06]], "gen1-norm-front": [[0.644444, 0.000585992, 0.016076, 0.00229405], [0.7, 1.95028e-05, 0.0202505, 0.000633972], [0.644444, 0.000585992, 0.016076, 0.00229405], [0.677778, 0.00148902, 0.0218097, 0], [0.722222, 0, 0.0202921, 0.000649519], [0.988889, 0.00667359, 0.00894435, 0.0129615], [1, 0.0330428, 0, 0.05148], [0, 1, 1, 1], [0.7, 1.95028e-05, 0.0202505, 0.000633972], [0, 1, 1, 1]], "gen1-raw-d-score": [1.45353e+06, 2.05471e+06, 1.45353e+06, 2.05468e+06, 1.59284e+06, 1.48542e+06, 6.9722e+06, 6.80933e+06, 1.45227e+06, 6.77924e+06], "gen1-norm-d-score": [0.644649, 0.700293, 0.644649, 0.67813, 0.722508, 0.989037, 1.41554, 1.73205, 0.700293, 1.73205], "gen1-sparsity": 2.97209e+12, "gen1-raw-winner": [1341, 640677, 877205, 965810], "gen1-norm-winner": [0.644444, 0.000585992, 0.016076, 0.00229405], "gen1-winner-raw-d-score": 1.45353e+06, "gen1-winner-norm-d-score": 0.644649, "gen1-time": 8579, "gen2-front": [[1341, 640677, 877205, 965810], [1356, 639428, 884434, 958122], [1350, 642668, 887134, 955186], [1362, 639385, 884506, 958194], [1434, 654099, 864855, 1.01521e+06], [1437, 712238, 849366, 1.1936e+06], [1167, 2.84419e+06, 2.58107e+06, 5.5863e+06], [1356, 639428, 884434, 958122], [1167, 2.84419e+06, 2.58107e+06, 5.5863e+06]], "gen2-norm-front": [[0.644444, 0.000585992, 0.016076, 0.00229405], [0.7, 1.95028e-05, 0.0202505, 0.000633972], [0.677778, 0.00148902, 0.0218097, 0], [0.722222, 0, 0.0202921, 0.000649519], [0.988889, 0.00667359, 0.00894435, 0.0129615], [1, 0.0330428, 0, 0.05148], [0, 1, 1, 1], [0.7, 1.95028e-05, 0.0202505, 0.000633972], [0, 1, 1, 1]], "gen2-raw-d-score": [2.05471e+06, 2.05463e+06, 2.05468e+06, 2.07745e+06, 2.20451e+06, 6.9722e+06, 6.93306e+06, 6.93305e+06, 6.77924e+06], "gen2-norm-d-score": [1.16849, 1.21321, 1.39992, 1.58121, 1.40781, 2.11984, 1.86826, 1.86826, 1.73205], "gen2-sparsity": 3.3436e+12, "gen2-raw-winner": [1341, 640677, 877205, 965810], "gen2-norm-winner": [0.644444, 0.000585992, 0.016076, 0.00229405], "gen2-winner-raw-d-score": 2.05471e+06, "gen2-winner-norm-d-score": 1.16849, "gen2-time": 9307, "gen3-front": [[1341, 640677, 877205, 965810], [1356, 639428, 884434, 958122], [1350, 642668, 887134, 955186], [1362, 639385, 884506, 958194], [1434, 654099, 864855, 1.01521e+06], [1437, 712238, 849366, 1.1936e+06], [1167, 2.84419e+06, 2.58107e+06, 5.5863e+06], [1356, 639428, 884434, 958122], [1167, 2.84419e+06, 2.58107e+06, 5.5863e+06], [1350, 642668, 887134, 955186]], "gen3-norm-front": [[0.644444, 0.000585992, 0.016076, 0.00229405], [0.7, 1.95028e-05, 0.0202505, 0.000633972], [0.677778, 0.00148902, 0.0218097, 0], [0.722222, 0, 0.0202921, 0.000649519], [0.988889, 0.00667359, 0.00894435, 0.0129615], [1, 0.0330428, 0, 0.05148], [0, 1, 1, 1], [0.7, 1.95028e-05, 0.0202505, 0.000633972], [0, 1, 1, 1], [0.677778, 0.00148902, 0.0218097, 0]], "gen3-raw-d-score": [2.15287e+06, 2.15182e+06, 2.15628e+06, 2.19615e+06, 3.59851e+06, 7.00146e+06, 7.49378e+06, 6.96278e+06, 6.93329e+06, 1.45341e+06], "gen3-norm-d-score": [1.16849, 1.21321, 1.39994, 1.58155, 1.72683, 2.11984, 2.11906, 1.98741, 1.86007, 0.67813], "gen3-sparsity": 2.97209e+12, "gen3-raw-winner": [1341, 640677, 877205, 965810], "gen3-norm-winner": [0.644444, 0.000585992, 0.016076, 0.00229405], "gen3-winner-raw-d-score": 2.15287e+06, "gen3-winner-norm-d-score": 1.16849, "gen3-time": 9326, "gen4-front": [[1341, 640677, 877205, 965810], [1356, 639428, 884434, 958122], [1350, 642668, 887134, 955186], [1362, 639385, 884506, 958194], [1434, 654099, 864855, 1.01521e+06], [1437, 712238, 849366, 1.1936e+06], [1167, 2.84419e+06, 2.58107e+06, 5.5863e+06], [1356, 639428, 884434, 958122], [1167, 2.84419e+06, 2.58107e+06, 5.5863e+06]], "gen4-norm-front": [[0.644444, 0.000585992, 0.016076, 0.00229405], [0.7, 1.95028e-05, 0.0202505, 0.000633972], [0.677778, 0.00148902, 0.0218097, 0], [0.722222, 0, 0.0202921, 0.000649519], [0.988889, 0.00667359, 0.00894435, 0.0129615], [1, 0.0330428, 0, 0.05148], [0, 1, 1, 1], [0.7, 1.95028e-05, 0.0202505, 0.000633972], [0, 1, 1, 1]], "gen4-raw-d-score": [2.05471e+06, 2.05463e+06, 2.05468e+06, 2.07745e+06, 2.20451e+06, 6.9722e+06, 6.93306e+06, 6.93305e+06, 6.77924e+06], "gen4-norm-d-score": [1.16849, 1.21321, 1.39992, 1.58121, 1.40781, 2.11984, 1.86826, 1.86826, 1.73205], "gen4-sparsity": 3.3436e+12, "gen4-raw-winner": [1341, 640677, 877205, 965810], "gen4-norm-winner": [0.644444, 0.000585992, 0.016076, 0.00229405], "gen4-winner-raw-d-score": 2.05471e+06, "gen4-winner-norm-d-score": 1.16849, "gen4-time": 9375, "gen5-front": [[1341, 640677, 877205, 965810], [1356, 639428, 884434, 958122], [1350, 642668, 887134, 955186], [1362, 639385, 884506, 958194], [1434, 654099, 864855, 1.01521e+06], [1437, 712238, 849366, 1.1936e+06], [1167, 2.84419e+06, 2.58107e+06, 5.5863e+06], [1356, 639428, 884434, 958122], [1167, 2.84419e+06, 2.58107e+06, 5.5863e+06], [1356, 639428, 884434, 958122]], "gen5-norm-front": [[0.644444, 0.000585992, 0.016076, 0.00229405], [0.7, 1.95028e-05, 0.0202505, 0.000633972], [0.677778, 0.00148902, 0.0218097, 0], [0.722222, 0, 0.0202921, 0.000649519], [0.988889, 0.00667359, 0.00894435, 0.0129615], [1, 0.0330428, 0, 0.05148], [0, 1, 1, 1], [0.7, 1.95028e-05, 0.0202505, 0.000633972], [0, 1, 1, 1], [0.7, 1.95028e-05, 0.0202505, 0.000633972]], "gen5-raw-d-score": [2.15287e+06, 2.15182e+06, 2.15628e+06, 2.19615e+06, 3.59851e+06, 7.00146e+06, 7.49378e+06, 6.96248e+06, 6.93305e+06, 1.45227e+06], "gen5-norm-d-score": [1.16849, 1.21321, 1.39994, 1.58155, 1.72683, 2.11984, 2.11906, 1.9951, 1.86826, 0.700293], "gen5-sparsity": 2.97209e+12, "gen5-raw-winner": [1356, 639428, 884434, 958122], "gen5-norm-winner": [0.7, 1.95028e-05, 0.0202505, 0.000633972], "gen5-winner-raw-d-score": 1.45227e+06, "gen5-winner-norm-d-score": 0.700293, "gen5-time": 9378}, {"source": 26936, "target": 192481, "gen0-front": [[840, 703274, 691545, 1.33173e+06], [999, 448126, 589699, 688738], [1014, 539788, 541676, 1.00062e+06], [999, 448126, 589699, 688738], [948, 457838, 555549, 750269], [999, 448126, 589699, 688738]], "gen0-norm-front": [[0, 1, 1, 1], [0.913793, 0, 0.320433, 0], [1, 0.35925, 0, 0.485038], [0.913793, 0, 0.320433, 0], [0.62069, 0.0380642, 0.0925675, 0.0956944], [0.913793, 0, 0.320433, 0]], "gen0-raw-d-score": [1.71673e+06, 1.14643e+06, 1.33672e+06, 1.1102e+06, 1.13224e+06, 1.0114e+06], "gen0-norm-d-score": [1.95832, 1.43762, 1.48302, 1.15083, 1.11331, 0.968347], "gen0-sparsity": 4.42735e+10, "gen0-raw-winner": [999, 448126, 589699, 688738], "gen0-norm-winner": [0.913793, 0, 0.320433, 0], "gen0-winner-naw-d-score": 1.0114e+06, "gen0-winner-norm-d-score": 0.968347, "gen0-time": 7357, "gen1-front": [[999, 448126, 589699, 688738], [948, 457838, 555549, 750269], [999, 448126, 589699, 688738], [1014, 539788, 541676, 1.00062e+06], [840, 703274, 691545, 1.33173e+06], [999, 448126, 589699, 688738], [969, 452428, 568344, 722573], [840, 703274, 691545, 1.33173e+06], [999, 448126, 589699, 688738], [969, 452428, 568344, 722573]], "gen1-norm-front": [[0.913793, 0, 0.320433, 0], [0.62069, 0.0380642, 0.0925675, 0.0956944], [0.913793, 0, 0.320433, 0], [1, 0.35925, 0, 0.485038], [0, 1, 1, 1], [0.913793, 0, 0.320433, 0], [0.741379, 0.0168608, 0.177942, 0.0526209], [0, 1, 1, 1], [0.913793, 0, 0.320433, 0], [0.741379, 0.0168608, 0.177942, 0.0526209]], "gen1-raw-d-score": [1.51819e+06, 1.54772e+06, 1.76168e+06, 2.12913e+06, 1.99348e+06, 1.60229e+06, 1.99924e+06, 1.99348e+06, 1.4397e+06, 1.02461e+06], "gen1-norm-d-score": [1.47551, 1.572, 1.81715, 2.28021, 2.1184, 1.5881, 2.10223, 2.1184, 1.23372, 0.764434], "gen1-sparsity": 2.43222e+10, "gen1-raw-winner": [969, 452428, 568344, 722573], "gen1-norm-winner": [0.741379, 0.0168608, 0.177942, 0.0526209], "gen1-winner-raw-d-score": 1.02461e+06, "gen1-winner-norm-d-score": 0.764434, "gen1-time": 6678, "gen2-front": [[969, 452428, 568344, 722573], [999, 448126, 589699, 688738], [948, 457838, 555549, 750269], [999, 448126, 589699, 688738], [969, 452428, 568344, 722573], [1014, 539788, 541676, 1.00062e+06], [840, 703274, 691545, 1.33173e+06], [999, 448126, 589699, 688738], [969, 452428, 568344, 722573], [840, 703274, 691545, 1.33173e+06]], "gen2-norm-front": [[0.741379, 0.0168608, 0.177942, 0.0526209], [0.913793, 0, 0.320433, 0], [0.62069, 0.0380642, 0.0925675, 0.0956944], [0.913793, 0, 0.320433, 0], [0.741379, 0.0168608, 0.177942, 0.0526209], [1, 0.35925, 0, 0.485038], [0, 1, 1, 1], [0.913793, 0, 0.320433, 0], [0.741379, 0.0168608, 0.177942, 0.0526209], [0, 1, 1, 1]], "gen2-raw-d-score": [1.51075e+06, 1.51819e+06, 1.51946e+06, 1.53757e+06, 1.7693e+06, 2.12913e+06, 1.99348e+06, 1.60229e+06, 1.94837e+06, 1.65721e+06], "gen2-norm-d-score": [1.38158, 1.47551, 1.37552, 1.62822, 1.71717, 2.28021, 2.1184, 1.5881, 1.89324, 1.73205], "gen2-sparsity": 2.43222e+10, "gen2-raw-winner": [948, 457838, 555549, 750269], "gen2-norm-winner": [0.62069, 0.0380642, 0.0925675, 0.0956944], "gen2-winner-raw-d-score": 1.51946e+06, "gen2-winner-norm-d-score": 1.37552, "gen2-time": 7124, "gen3-front": [[948, 457838, 555549, 750269], [969, 452428, 568344, 722573], [999, 448126, 589699, 688738], [969, 452428, 568344, 722573], [1014, 539788, 541676, 1.00062e+06], [840, 703274, 691545, 1.33173e+06], [999, 448126, 589699, 688738], [969, 452428, 568344, 722573], [840, 703274, 691545, 1.33173e+06]], "gen3-norm-front": [[0.62069, 0.0380642, 0.0925675, 0.0956944], [0.741379, 0.0168608, 0.177942, 0.0526209], [0.913793, 0, 0.320433, 0], [0.741379, 0.0168608, 0.177942, 0.0526209], [1, 0.35925, 0, 0.485038], [0, 1, 1, 1], [0.913793, 0, 0.320433, 0], [0.741379, 0.0168608, 0.177942, 0.0526209], [0, 1, 1, 1]], "gen3-raw-d-score": [1.45979e+06, 1.4397e+06, 1.4397e+06, 1.62353e+06, 2.08143e+06, 1.94146e+06, 1.4397e+06, 1.94837e+06, 1.65721e+06], "gen3-norm-d-score": [1.35048, 1.43934, 1.5881, 1.39595, 2.28021, 2.11833, 1.23372, 1.89324, 1.73205], "gen3-sparsity": 2.73625e+10, "gen3-raw-winner": [999, 448126, 589699, 688738], "gen3-norm-winner": [0.913793, 0, 0.320433, 0], "gen3-winner-raw-d-score": 1.4397e+06, "gen3-winner-norm-d-score": 1.23372, "gen3-time": 7072, "gen4-front": [[999, 448126, 589699, 688738], [948, 457838, 555549, 750269], [969, 452428, 568344, 722573], [999, 448126, 589699, 688738], [969, 452428, 568344, 722573], [1014, 539788, 541676, 1.00062e+06], [840, 703274, 691545, 1.33173e+06], [999, 448126, 589699, 688738], [969, 452428, 568344, 722573], [840, 703274, 691545, 1.33173e+06], [999, 448126, 589699, 688738]], "gen4-norm-front": [[0.913793, 0, 0.320433, 0], [0.62069, 0.0380642, 0.0925675, 0.0956944], [0.741379, 0.0168608, 0.177942, 0.0526209], [0.913793, 0, 0.320433, 0], [0.741379, 0.0168608, 0.177942, 0.0526209], [1, 0.35925, 0, 0.485038], [0, 1, 1, 1], [0.913793, 0, 0.320433, 0], [0.741379, 0.0168608, 0.177942, 0.0526209], [0, 1, 1, 1], [0.913793, 0, 0.320433, 0]], "gen4-raw-d-score": [1.43033e+06, 1.03979e+06, 1.02461e+06, 1.0114e+06, 1.02461e+06, 1.25937e+06, 1.65721e+06, 1.24524e+06, 1.02461e+06, 1.65721e+06, 1.0114e+06], "gen4-norm-d-score": [0.968347, 0.635949, 0.764434, 0.968347, 0.764434, 1.16804, 1.73205, 0.968347, 0.764434, 1.73205, 0.968347], "gen4-sparsity": 2.189e+10, "gen4-raw-winner": [948, 457838, 555549, 750269], "gen4-norm-winner": [0.62069, 0.0380642, 0.0925675, 0.0956944], "gen4-winner-raw-d-score": 1.03979e+06, "gen4-winner-norm-d-score": 0.635949, "gen4-time": 7169, "gen5-front": [[948, 457838, 555549, 750269], [969, 452428, 568344, 722573], [999, 448126, 589699, 688738], [1014, 539788, 541676, 1.00062e+06], [840, 703274, 691545, 1.33173e+06], [999, 448126, 589699, 688738], [969, 452428, 568344, 722573], [840, 703274, 691545, 1.33173e+06]], "gen5-norm-front": [[0.62069, 0.0380642, 0.0925675, 0.0956944], [0.741379, 0.0168608, 0.177942, 0.0526209], [0.913793, 0, 0.320433, 0], [1, 0.35925, 0, 0.485038], [0, 1, 1, 1], [0.913793, 0, 0.320433, 0], [0.741379, 0.0168608, 0.177942, 0.0526209], [0, 1, 1, 1]], "gen5-raw-d-score": [1.45979e+06, 1.4397e+06, 1.61522e+06, 2.08143e+06, 1.94146e+06, 1.4397e+06, 1.94837e+06, 1.65721e+06], "gen5-norm-d-score": [0.99438, 1.23372, 1.51724, 2.0891, 1.98436, 1.23372, 1.89324, 1.73205], "gen5-sparsity": 3.12715e+10, "gen5-raw-winner": [948, 457838, 555549, 750269], "gen5-norm-winner": [0.62069, 0.0380642, 0.0925675, 0.0956944], "gen5-winner-raw-d-score": 1.45979e+06, "gen5-winner-norm-d-score": 0.99438, "gen5-time": 6687}, {"source": 222062, "target": 292478, "gen0-front": [[1003, 4.85629e+06, 4.33874e+06, 9.43368e+06], [2094, 1.35974e+06, 1.70976e+06, 2.19145e+06], [2595, 1.63889e+06, 1.65735e+06, 3.01195e+06], [2376, 1.37381e+06, 1.81044e+06, 2.12805e+06], [2094, 1.35974e+06, 1.70976e+06, 2.19145e+06], [2079, 1.37203e+06, 1.69246e+06, 2.23135e+06], [2364, 1.37311e+06, 1.80803e+06, 2.12916e+06], [2094, 1.35974e+06, 1.70976e+06, 2.19145e+06]], "gen0-norm-front": [[0, 1, 1, 1], [0.685302, 0, 0.0195473, 0.00867851], [1, 0.0798361, 0, 0.12099], [0.862437, 0.00402311, 0.0570958, 0], [0.685302, 0, 0.0195473, 0.00867851], [0.675879, 0.00351489, 0.0130932, 0.0141398], [0.854899, 0.00382348, 0.056194, 0.000152074], [0.685302, 0, 0.0195473, 0.00867851]], "gen0-raw-d-score": [1.18734e+07, 4.90706e+06, 4.91918e+06, 4.38957e+06, 4.39323e+06, 4.40608e+06, 4.38889e+06, 3.09429e+06], "gen0-norm-d-score": [1.86282, 1.22111, 1.32969, 1.10325, 0.96296, 1.09143, 1.09732, 0.685635], "gen0-sparsity": 8.3827e+12, "gen0-raw-winner": [2094, 1.35974e+06, 1.70976e+06, 2.19145e+06], "gen0-norm-winner": [0.685302, 0, 0.0195473, 0.00867851], "gen0-winner-naw-d-score": 3.09429e+06, "gen0-winner-norm-d-score": 0.685635, "gen0-time": 14223, "gen1-front": [[2094, 1.35974e+06, 1.70976e+06, 2.19145e+06], [2079, 1.37203e+06, 1.69246e+06, 2.23135e+06], [2094, 1.35974e+06, 1.70976e+06, 2.19145e+06], [2364, 1.37311e+06, 1.80803e+06, 2.12916e+06], [2376, 1.37381e+06, 1.81044e+06, 2.12805e+06], [2595, 1.63889e+06, 1.65735e+06, 3.01195e+06], [1003, 4.85629e+06, 4.33874e+06, 9.43368e+06], [2094, 1.35974e+06, 1.70976e+06, 2.19145e+06], [1003, 4.85629e+06, 4.33874e+06, 9.43368e+06], [2364, 1.37311e+06, 1.80803e+06, 2.12916e+06], [2094, 1.35974e+06, 1.70976e+06, 2.19145e+06]], "gen1-norm-front": [[0.685302, 0, 0.0195473, 0.00867851], [0.675879, 0.00351489, 0.0130932, 0.0141398], [0.685302, 0, 0.0195473, 0.00867851], [0.854899, 0.00382348, 0.056194, 0.000152074], [0.862437, 0.00402311, 0.0570958, 0], [1, 0.0798361, 0, 0.12099], [0, 1, 1, 1], [0.685302, 0, 0.0195473, 0.00867851], [0, 1, 1, 1], [0.854899, 0.00382348, 0.056194, 0.000152074], [0.685302, 0, 0.0195473, 0.00867851]], "gen1-raw-d-score": [3.09429e+06, 3.11862e+06, 3.09429e+06, 3.11251e+06, 3.11346e+06, 3.8085e+06, 1.14631e+07, 3.09429e+06, 1.14631e+07, 3.11251e+06, 3.09429e+06], "gen1-norm-d-score": [0.685635, 0.676163, 0.685635, 0.856753, 0.864334, 2.18454e+06, 1.73205, 0.685635, 1.73205, 0.856753, 0.685635], "gen1-sparsity": 5.86789e+12, "gen1-raw-winner": [2079, 1.37203e+06, 1.69246e+06, 2.23135e+06], "gen1-norm-winner": [0.675879, 0.00351489, 0.0130932, 0.0141398], "gen1-winner-raw-d-score": 3.11862e+06, "gen1-winner-norm-d-score": 0.676163, "gen1-time": 13023, "gen2-front": [[2079, 1.37203e+06, 1.69246e+06, 2.23135e+06], [2094, 1.35974e+06, 1.70976e+06, 2.19145e+06], [2364, 1.37311e+06, 1.80803e+06, 2.12916e+06], [2376, 1.37381e+06, 1.81044e+06, 2.12805e+06], [2595, 1.63889e+06, 1.65735e+06, 3.01195e+06], [1003, 4.85629e+06, 4.33874e+06, 9.43368e+06], [2094, 1.35974e+06, 1.70976e+06, 2.19145e+06], [1003, 4.85629e+06, 4.33874e+06, 9.43368e+06]], "gen2-norm-front": [[0.675879, 0.00351489, 0.0130932, 0.0141398], [0.685302, 0, 0.0195473, 0.00867851], [0.854899, 0.00382348, 0.056194, 0.000152074], [0.862437, 0.00402311, 0.0570958, 0], [1, 0.0798361, 0, 0.12099], [0, 1, 1, 1], [0.685302, 0, 0.0195473, 0.00867851], [0, 1, 1, 1]], "gen2-raw-d-score": [3.11862e+06, 4.38889e+06, 3.11251e+06, 4.91918e+06, 1.20792e+07, 1.18734e+07, 1.18734e+07, 1.14631e+07], "gen2-norm-d-score": [0.96296, 0.685635, 0.856753, 0.864334, 1.01045, 1.73205, 0.685635, 1.73205], "gen2-sparsity": 8.3827e+12, "gen2-raw-winner": [2094, 1.35974e+06, 1.70976e+06, 2.19145e+06], "gen2-norm-winner": [0.685302, 0, 0.0195473, 0.00867851], "gen2-winner-raw-d-score": 4.38889e+06, "gen2-winner-norm-d-score": 0.685635, "gen2-time": 12982, "gen3-front": [[2094, 1.35974e+06, 1.70976e+06, 2.19145e+06], [2079, 1.37203e+06, 1.69246e+06, 2.23135e+06], [2364, 1.37311e+06, 1.80803e+06, 2.12916e+06], [2376, 1.37381e+06, 1.81044e+06, 2.12805e+06], [2595, 1.63889e+06, 1.65735e+06, 3.01195e+06], [1003, 4.85629e+06, 4.33874e+06, 9.43368e+06], [2094, 1.35974e+06, 1.70976e+06, 2.19145e+06], [1003, 4.85629e+06, 4.33874e+06, 9.43368e+06], [2094, 1.35974e+06, 1.70976e+06, 2.19145e+06]], "gen3-norm-front": [[0.685302, 0, 0.0195473, 0.00867851], [0.675879, 0.00351489, 0.0130932, 0.0141398], [0.854899, 0.00382348, 0.056194, 0.000152074], [0.862437, 0.00402311, 0.0570958, 0], [1, 0.0798361, 0, 0.12099], [0, 1, 1, 1], [0.685302, 0, 0.0195473, 0.00867851], [0, 1, 1, 1], [0.685302, 0, 0.0195473, 0.00867851]], "gen3-raw-d-score": [4.39323e+06, 4.40608e+06, 4.40243e+06, 4.91918e+06, 1.20792e+07, 1.18734e+07, 1.18734e+07, 1.18734e+07, 3.09429e+06], "gen3-norm-d-score": [1.28769, 1.39105, 1.57515, 1.32969, 2.11912, 1.86282, 1.98488, 1.86282, 0.685635], "gen3-sparsity": 7.33486e+12, "gen3-raw-winner": [2094, 1.35974e+06, 1.70976e+06, 2.19145e+06], "gen3-norm-winner": [0.685302, 0, 0.0195473, 0.00867851], "gen3-winner-raw-d-score": 3.09429e+06, "gen3-winner-norm-d-score": 0.685635, "gen3-time": 13411, "gen4-front": [[2094, 1.35974e+06, 1.70976e+06, 2.19145e+06], [2079, 1.37203e+06, 1.69246e+06, 2.23135e+06], [2094, 1.35974e+06, 1.70976e+06, 2.19145e+06], [2364, 1.37311e+06, 1.80803e+06, 2.12916e+06], [2376, 1.37381e+06, 1.81044e+06, 2.12805e+06], [2595, 1.63889e+06, 1.65735e+06, 3.01195e+06], [1003, 4.85629e+06, 4.33874e+06, 9.43368e+06], [2094, 1.35974e+06, 1.70976e+06, 2.19145e+06], [1003, 4.85629e+06, 4.33874e+06, 9.43368e+06], [2094, 1.35974e+06, 1.70976e+06, 2.19145e+06]], "gen4-norm-front": [[0.685302, 0, 0.0195473, 0.00867851], [0.675879, 0.00351489, 0.0130932, 0.0141398], [0.685302, 0, 0.0195473, 0.00867851], [0.854899, 0.00382348, 0.056194, 0.000152074], [0.862437, 0.00402311, 0.0570958, 0], [1, 0.0798361, 0, 0.12099], [0, 1, 1, 1], [0.685302, 0, 0.0195473, 0.00867851], [0, 1, 1, 1], [0.685302, 0, 0.0195473, 0.00867851]], "gen4-raw-d-score": [3.09429e+06, 3.11862e+06, 3.09429e+06, 3.11251e+06, 3.11346e+06, 3.8085e+06, 1.14631e+07, 3.38484e+06, 1.14631e+07, 3.09429e+06], "gen4-norm-d-score": [0.685635, 0.676163, 0.685635, 0.856753, 0.864334, 1.01045, 1.73205, 0.685635, 1.73205, 0.685635], "gen4-sparsity": 6.51988e+12, "gen4-raw-winner": [2079, 1.37203e+06, 1.69246e+06, 2.23135e+06], "gen4-norm-winner": [0.675879, 0.00351489, 0.0130932, 0.0141398], "gen4-winner-raw-d-score": 3.11862e+06, "gen4-winner-norm-d-score": 0.676163, "gen4-time": 13421, "gen5-front": [[2079, 1.37203e+06, 1.69246e+06, 2.23135e+06], [2094, 1.35974e+06, 1.70976e+06, 2.19145e+06], [2364, 1.37311e+06, 1.80803e+06, 2.12916e+06], [2376, 1.37381e+06, 1.81044e+06, 2.12805e+06], [2595, 1.63889e+06, 1.65735e+06, 3.01195e+06], [1003, 4.85629e+06, 4.33874e+06, 9.43368e+06], [2094, 1.35974e+06, 1.70976e+06, 2.19145e+06], [1003, 4.85629e+06, 4.33874e+06, 9.43368e+06]], "gen5-norm-front": [[0.675879, 0.00351489, 0.0130932, 0.0141398], [0.685302, 0, 0.0195473, 0.00867851], [0.854899, 0.00382348, 0.056194, 0.000152074], [0.862437, 0.00402311, 0.0570958, 0], [1, 0.0798361, 0, 0.12099], [0, 1, 1, 1], [0.685302, 0, 0.0195473, 0.00867851], [0, 1, 1, 1]], "gen5-raw-d-score": [4.39323e+06, 4.38889e+06, 4.40243e+06, 4.91918e+06, 1.20792e+07, 1.18734e+07, 1.18734e+07, 1.14631e+07], "gen5-norm-d-score": [0.96296, 1.09732, 1.217, 1.32969, 2.00525, 1.86282, 1.86282, 1.73205], "gen5-sparsity": 8.3827e+12, "gen5-raw-winner": [2079, 1.37203e+06, 1.69246e+06, 2.23135e+06], "gen5-norm-winner": [0.675879, 0.00351489, 0.0130932, 0.0141398], "gen5-winner-raw-d-score": 4.39323e+06, "gen5-winner-norm-d-score": 0.96296, "gen5-time": 13482}, {"source": 228035, "target": 64799, "gen0-front": [[873, 774693, 815472, 1.40569e+06], [1011, 572795, 778401, 833194], [1086, 679826, 728483, 1.20369e+06], [1077, 575256, 788969, 826929], [1011, 573146, 778150, 832567], [936, 589317, 748057, 919392], [1011, 573146, 778150, 832567]], "gen0-norm-front": [[0, 1, 1, 1], [0.647887, 0, 0.573843, 0.0108248], [1, 0.530124, 0, 0.650971], [0.957746, 0.0121893, 0.695329, 0], [0.647887, 0.0017385, 0.570957, 0.00974143], [0.295775, 0.0818334, 0.225017, 0.159759], [0.647887, 0.0017385, 0.570957, 0.00974143]], "gen0-raw-d-score": [2.04331e+06, 1.61897e+06, 1.84258e+06, 1.6035e+06, 1.59188e+06, 1.63896e+06, 1.27561e+06], "gen0-norm-d-score": [1.93625, 1.42485, 1.7623, 1.46515, 0.943748, 0.957125, 0.863625], "gen0-sparsity": 2.4765e+10, "gen0-raw-winner": [1011, 573146, 778150, 832567], "gen0-norm-winner": [0.647887, 0.0017385, 0.570957, 0.00974143], "gen0-winner-naw-d-score": 1.27561e+06, "gen0-winner-norm-d-score": 0.863625, "gen0-time": 7357, "gen1-front": [[1011, 573146, 778150, 832567], [1011, 572795, 778401, 833194], [936, 589317, 748057, 919392], [1077, 575256, 788969, 826929], [1086, 679826, 728483, 1.20369e+06], [873, 774693, 815472, 1.40569e+06], [1011, 573146, 778150, 832567], [1077, 575256, 788969, 826929], [984, 576332, 765995, 859734], [873, 774693, 815472, 1.40569e+06], [1011, 573146, 778150, 832567]], "gen1-norm-front": [[0.647887, 0.0017385, 0.570957, 0.00974143], [0.647887, 0, 0.573843, 0.0108248], [0.295775, 0.0818334, 0.225017, 0.159759], [0.957746, 0.0121893, 0.695329, 0], [1, 0.530124, 0, 0.650971], [0, 1, 1, 1], [0.647887, 0.0017385, 0.570957, 0.00974143], [0.957746, 0.0121893, 0.695329, 0], [0.521127, 0.0175187, 0.431227, 0.056681], [0, 1, 1, 1], [0.647887, 0.0017385, 0.570957, 0.00974143]], "gen1-raw-d-score": [1.27561e+06, 1.27602e+06, 1.32369e+06, 1.27953e+06, 1.5626e+06, 2.04805e+06, 1.27561e+06, 1.27953e+06, 1.82102e+06, 1.80031e+06, 1.61865e+06], "gen1-norm-d-score": [0.863625, 0.865546, 0.412717, 1.1836, 1.30568, 1.73205, 0.863625, 1.1836, 0.679006, 996420, 0.863625], "gen1-sparsity": 1.44959e+10, "gen1-raw-winner": [1011, 573146, 778150, 832567], "gen1-norm-winner": [0.647887, 0.0017385, 0.570957, 0.00974143], "gen1-winner-raw-d-score": 1.27561e+06, "gen1-winner-norm-d-score": 0.863625, "gen1-time": 6840, "gen2-front": [[1011, 573146, 778150, 832567], [1011, 572795, 778401, 833194], [936, 589317, 748057, 919392], [984, 576332, 765995, 859734], [1077, 575256, 788969, 826929], [1086, 679826, 728483, 1.20369e+06], [873, 774693, 815472, 1.40569e+06], [1011, 573146, 778150, 832567], [1077, 575256, 788969, 826929], [984, 576332, 765995, 859734], [873, 774693, 815472, 1.40569e+06]], "gen2-norm-front": [[0.647887, 0.0017385, 0.570957, 0.00974143], [0.647887, 0, 0.573843, 0.0108248], [0.295775, 0.0818334, 0.225017, 0.159759], [0.521127, 0.0175187, 0.431227, 0.056681], [0.957746, 0.0121893, 0.695329, 0], [1, 0.530124, 0, 0.650971], [0, 1, 1, 1], [0.647887, 0.0017385, 0.570957, 0.00974143], [0.957746, 0.0121893, 0.695329, 0], [0.521127, 0.0175187, 0.431227, 0.056681], [0, 1, 1, 1]], "gen2-raw-d-score": [1.27561e+06, 1.27602e+06, 1.32369e+06, 1.28765e+06, 1.27953e+06, 1.5626e+06, 1.80031e+06, 1.27561e+06, 1.27953e+06, 1.28765e+06, 1.80031e+06], "gen2-norm-d-score": [1.93542, 0.865546, 0.412717, 0.679006, 1.1836, 1.30568, 1.73205, 0.863625, 1.1836, 0.679006, 1.73205], "gen2-sparsity": 1.44959e+10, "gen2-raw-winner": [1011, 573146, 778150, 832567], "gen2-norm-winner": [0.647887, 0.0017385, 0.570957, 0.00974143], "gen2-winner-raw-d-score": 1.27561e+06, "gen2-winner-norm-d-score": 0.863625, "gen2-time": 6862, "gen3-front": [[1011, 573146, 778150, 832567], [1011, 572795, 778401, 833194