{"data": [{"source": 192501, "target": 10962, "gen0-front": [[2.91626e+06, 462, 4.70379e+06, 3.65744e+06], [1.21569e+07, 149, 2.42228e+07, 1.0628e+07], [2.92328e+06, 461, 4.70082e+06, 3.67295e+06], [3.18197e+06, 459, 5.88663e+06, 3.19941e+06], [2.94085e+06, 408, 5.16475e+06, 3.24137e+06], [2.93938e+06, 408, 5.1701e+06, 3.24219e+06], [2.91626e+06, 462, 4.70379e+06, 3.65744e+06], [2.93926e+06, 408, 5.16871e+06, 3.24296e+06], [2.94096e+06, 408, 5.16614e+06, 3.24061e+06]], "gen0-norm-front": [[0, 1, 0.00015229, 0.0616572], [1, 0, 1, 1], [0.000759818, 0.996805, 0, 0.0637461], [0.0287542, 0.990415, 0.0607422, 0], [0.00266026, 0.827476, 0.0237644, 0.005649], [0.00250122, 0.827476, 0.0240388, 0.00575925], [0, 1, 0.00015229, 0.0616572], [0.00248907, 0.827476, 0.0239675, 0.0058625], [0.00267242, 0.827476, 0.0238357, 0.00554575]], "gen0-raw-d-score": [3.00007e+07, 3.00291e+07, 1.03825e+07, 1.04634e+07, 1.00108e+07, 9.92613e+06, 9.92612e+06, 9.57661e+06, 6.77051e+06], "gen0-norm-d-score": [2.00095, 1.99963, 1.40824, 1.29258, 1.17075, 1.29967, 1.29967, 1.17075, 0.827842], "gen0-sparsity": 5.8262e+13, "gen0-raw-winner": [2.94085e+06, 408, 5.16475e+06, 3.24137e+06], "gen0-norm-winner": [0.00266026, 0.827476, 0.0237644, 0.005649], "gen0-winner-naw-d-score": 1.00108e+07, "gen0-winner-norm-d-score": 1.17075, "gen0-time": 17022, "gen1-front": [[2.94085e+06, 408, 5.16475e+06, 3.24137e+06], [2.94096e+06, 408, 5.16614e+06, 3.24061e+06], [2.91626e+06, 462, 4.70379e+06, 3.65744e+06], [2.92328e+06, 461, 4.70082e+06, 3.67295e+06], [2.91626e+06, 462, 4.70379e+06, 3.65744e+06], [2.93926e+06, 408, 5.16871e+06, 3.24296e+06], [2.93938e+06, 408, 5.1701e+06, 3.24219e+06], [3.18197e+06, 459, 5.88663e+06, 3.19941e+06], [1.21569e+07, 149, 2.42228e+07, 1.0628e+07], [2.91626e+06, 462, 4.70379e+06, 3.65744e+06], [1.21569e+07, 149, 2.42228e+07, 1.0628e+07], [2.91626e+06, 462, 4.70379e+06, 3.65744e+06]], "gen1-norm-front": [[0.00266026, 0.827476, 0.0237644, 0.005649], [0.00267242, 0.827476, 0.0238357, 0.00554575], [0, 1, 0.00015229, 0.0616572], [0.000759818, 0.996805, 0, 0.0637461], [0, 1, 0.00015229, 0.0616572], [0.00248907, 0.827476, 0.0239675, 0.0058625], [0.00250122, 0.827476, 0.0240388, 0.00575925], [0.0287542, 0.990415, 0.0607422, 0], [1, 0, 1, 1], [0, 1, 0.00015229, 0.0616572], [1, 0, 1, 1], [0, 1, 0.00015229, 0.0616572]], "gen1-raw-d-score": [9.57442e+06, 6.77051e+06, 6.63378e+06, 9.38834e+06, 6.63378e+06, 9.5788e+06, 6.7736e+06, 7.41711e+06, 2.98579e+07, 2.98579e+07, 2.98579e+07, 6.63378e+06], "gen1-norm-d-score": [1.17074, 0.827842, 1.0019, 1.41474, 2.46273, 0.827848, 1.29258, 1.99636, 1.73205, 2.00095, 2.00095, 1.0019], "gen1-sparsity": 4.23724e+13, "gen1-raw-winner": [2.94085e+06, 408, 5.16475e+06, 3.24137e+06], "gen1-norm-winner": [0.00266026, 0.827476, 0.0237644, 0.005649], "gen1-winner-raw-d-score": 9.57442e+06, "gen1-winner-norm-d-score": 1.17074, "gen1-time": 15471, "gen2-front": [[2.94085e+06, 408, 5.16475e+06, 3.24137e+06], [2.94096e+06, 408, 5.16614e+06, 3.24061e+06], [2.91626e+06, 462, 4.70379e+06, 3.65744e+06], [2.92328e+06, 461, 4.70082e+06, 3.67295e+06], [2.91626e+06, 462, 4.70379e+06, 3.65744e+06], [2.93926e+06, 408, 5.16871e+06, 3.24296e+06], [2.93938e+06, 408, 5.1701e+06, 3.24219e+06], [3.18197e+06, 459, 5.88663e+06, 3.19941e+06], [2.91626e+06, 462, 4.70379e+06, 3.65744e+06]], "gen2-norm-front": [[0.0925176, 0, 0.391234, 0.0886173], [0.0929401, 0, 0.392408, 0.0869976], [0, 1, 0.00250714, 0.967232], [0.0264246, 0.981481, 0, 1], [0, 1, 0.00250714, 0.967232], [0.0865638, 0, 0.394578, 0.0919665], [0.0869863, 0, 0.395752, 0.0903468], [1, 0.944444, 1, 0], [0, 1, 0.00250714, 0.967232]], "gen2-raw-d-score": [1.00087e+07, 9.91929e+06, 9.83084e+06, 9.83769e+06, 9.92566e+06, 1.00935e+07, 1.04594e+07, 9.95091e+06, 6.63378e+06], "gen2-norm-d-score": [0.58281, 1.45136, 1.97473, 1.97662, 1.45422, 1.15931, 1.75052, 2.19716, 1.39124], "gen2-sparsity": 1.19754e+11, "gen2-raw-winner": [2.94085e+06, 408, 5.16475e+06, 3.24137e+06], "gen2-norm-winner": [0.0925176, 0, 0.391234, 0.0886173], "gen2-winner-raw-d-score": 1.00087e+07, "gen2-winner-norm-d-score": 0.58281, "gen2-time": 16875, "gen3-front": [[2.94085e+06, 408, 5.16475e+06, 3.24137e+06], [2.91626e+06, 462, 4.70379e+06, 3.65744e+06], [2.94096e+06, 408, 5.16614e+06, 3.24061e+06], [2.91626e+06, 462, 4.70379e+06, 3.65744e+06], [2.92328e+06, 461, 4.70082e+06, 3.67295e+06], [2.93926e+06, 408, 5.16871e+06, 3.24296e+06], [2.93938e+06, 408, 5.1701e+06, 3.24219e+06], [3.18197e+06, 459, 5.88663e+06, 3.19941e+06], [2.94085e+06, 408, 5.16475e+06, 3.24137e+06], [2.91667e+06, 463, 4.70334e+06, 3.65819e+06], [2.94085e+06, 408, 5.16475e+06, 3.24137e+06], [2.91667e+06, 463, 4.70334e+06, 3.65819e+06], [2.94085e+06, 408, 5.16475e+06, 3.24137e+06], [2.91626e+06, 462, 4.70379e+06, 3.65744e+06]], "gen3-norm-front": [[0.0925176, 0, 0.391234, 0.0886173], [0, 0.981818, 0.00250714, 0.967232], [0.0929401, 0, 0.392408, 0.0869976], [0, 0.981818, 0.00250714, 0.967232], [0.0264246, 0.963636, 0, 1], [0.0865638, 0, 0.394578, 0.0919665], [0.0869863, 0, 0.395752, 0.0903468], [1, 0.927273, 1, 0], [0.0925176, 0, 0.391234, 0.0886173], [0.00154025, 1, 0.0021285, 0.96882], [0.0925176, 0, 0.391234, 0.0886173], [0.00154025, 1, 0.0021285, 0.96882], [0.0925176, 0, 0.391234, 0.0886173], [0, 0.981818, 0.00250714, 0.967232]], "gen3-raw-d-score": [1.20075e+07, 1.19331e+07, 1.19424e+07, 1.19437e+07, 1.20835e+07, 1.24666e+07, 1.24592e+07, 1.23896e+07, 1.20074e+07, 1.19373e+07, 1.20073e+07, 1.15692e+07, 9.47822e+06, 6.63378e+06], "gen3-norm-d-score": [0.411676, 2.21326, 2.00162, 2.002, 2.03301, 1.79231, 2.0498, 2.2308, 1.81041, 2.01377, 1.80043, 2.0019, 1.4384, 1.37823], "gen3-sparsity": 7.36923e+10, "gen3-raw-winner": [2.94085e+06, 408, 5.16475e+06, 3.24137e+06], "gen3-norm-winner": [0.0925176, 0, 0.391234, 0.0886173], "gen3-winner-raw-d-score": 1.20075e+07, "gen3-winner-norm-d-score": 0.411676, "gen3-time": 16443, "gen4-front": [[2.94085e+06, 408, 5.16475e+06, 3.24137e+06], [2.91626e+06, 462, 4.70379e+06, 3.65744e+06], [2.94085e+06, 408, 5.16475e+06, 3.24137e+06], [2.91626e+06, 462, 4.70379e+06, 3.65744e+06], [2.94096e+06, 408, 5.16614e+06, 3.24061e+06], [2.92328e+06, 461, 4.70082e+06, 3.67295e+06], [2.93926e+06, 408, 5.16871e+06, 3.24296e+06], [2.94085e+06, 408, 5.16475e+06, 3.24137e+06], [2.91667e+06, 463, 4.70334e+06, 3.65819e+06], [2.94085e+06, 408, 5.16475e+06, 3.24137e+06], [2.91667e+06, 463, 4.70334e+06, 3.65819e+06], [2.94085e+06, 408, 5.16475e+06, 3.24137e+06], [2.91667e+06, 463, 4.70334e+06, 3.65819e+06], [2.94085e+06, 408, 5.16475e+06, 3.24137e+06]], "gen4-norm-front": [[0.995453, 0, 0.991526, 0.00177405], [0, 0.981818, 0.00635399, 0.96411], [0.995453, 0, 0.991526, 0.00177405], [0, 0.981818, 0.00635399, 0.96411], [1, 0, 0.994501, 0], [0.284319, 0.963636, 0, 1], [0.931393, 0, 1, 0.00544241], [0.995453, 0, 0.991526, 0.00177405], [0.0165725, 1, 0.00539437, 0.965849], [0.995453, 0, 0.991526, 0.00177405], [0.0165725, 1, 0.00539437, 0.965849], [0.995453, 0, 0.991526, 0.00177405], [0.0165725, 1, 0.00539437, 0.965849], [0.995453, 0, 0.991526, 0.00177405]], "gen4-raw-d-score": [6.76976e+06, 6.63378e+06, 6.76976e+06, 6.63378e+06, 6.77051e+06, 6.64333e+06, 6.77286e+06, 6.76976e+06, 9.48063e+06, 7.38094e+06, 9.38197e+06, 6.76976e+06, 9.47842e+06, 6.76976e+06], "gen4-norm-d-score": [1.40501, 1.37605, 1.40501, 1.37605, 1.41033, 1.99587, 1.36657, 1.40501, 1.39038, 1.40501, 1.39038, 1.40501, 1.7154, 1.40501], "gen4-sparsity": 2.96007e+10, "gen4-raw-winner": [2.91626e+06, 462, 4.70379e+06, 3.65744e+06], "gen4-norm-winner": [0, 0.981818, 0.00635399, 0.96411], "gen4-winner-raw-d-score": 6.63378e+06, "gen4-winner-norm-d-score": 1.37605, "gen4-time": 16569, "gen5-front": [[2.91626e+06, 462, 4.70379e+06, 3.65744e+06], [2.94085e+06, 408, 5.16475e+06, 3.24137e+06], [2.92328e+06, 461, 4.70082e+06, 3.67295e+06], [2.91667e+06, 463, 4.70334e+06, 3.65819e+06], [3.17819e+06, 457, 5.87979e+06, 3.19944e+06], [2.91667e+06, 463, 4.70334e+06, 3.65819e+06]], "gen5-norm-front": [[0, 0.981818, 0.00252169, 0.96723], [0.0938519, 0, 0.393504, 0.0885692], [0.0268057, 0.963636, 0, 1], [0.00156247, 1, 0.00214085, 0.968818], [1, 0.890909, 1, 0], [0.00156247, 1, 0.00214085, 0.968818]], "gen5-raw-d-score": [7.25642e+06, 7.37396e+06, 7.2554e+06, 7.35606e+06, 7.96343e+06, 6.63406e+06], "gen5-norm-d-score": [1.38142, 1.0492, 1.71152, 1.93193, 1.94775, 1.39234], "gen5-sparsity": 1.91108e+11, "gen5-raw-winner": [2.94085e+06, 408, 5.16475e+06, 3.24137e+06], "gen5-norm-winner": [0.0938519, 0, 0.393504, 0.0885692], "gen5-winner-raw-d-score": 7.37396e+06, "gen5-winner-norm-d-score": 1.0492, "gen5-time": 16906}, {"source": 69464, "target": 58822, "gen0-front": [[2.1026e+06, 182, 3.36748e+06, 2.63904e+06], [9.00665e+06, 0, 1.79052e+07, 7.94169e+06], [2.10435e+06, 186, 3.35909e+06, 2.65214e+06], [2.16825e+06, 160, 3.59762e+06, 2.5907e+06], [2.10338e+06, 189, 3.3591e+06, 2.65215e+06], [2.1026e+06, 182, 3.36748e+06, 2.63904e+06], [2.10338e+06, 189, 3.3591e+06, 2.65215e+06], [2.11521e+06, 166, 3.43725e+06, 2.60941e+06]], "gen0-norm-front": [[0, 0.962963, 0.000577128, 0.00903552], [1, 0, 1, 1], [0.000253267, 0.984127, 0, 0.0114831], [0.00950842, 0.846561, 0.0163986, 0], [0.000113375, 1, 4.81227e-07, 0.0114844], [0, 0.962963, 0.000577128, 0.00903552], [0.000113375, 1, 4.81227e-07, 0.0114844], [0.00182612, 0.878307, 0.00537338, 0.00349748]], "gen0-raw-d-score": [2.20797e+07, 2.20802e+07, 6.86305e+06, 6.86276e+06, 6.74293e+06, 6.74293e+06, 6.77048e+06, 4.80602e+06], "gen0-norm-d-score": [1.98176, 1.99214, 1.29833, 1.3104, 1.38835, 1.38835, 1.33101, 0.878332], "gen0-sparsity": 3.99266e+13, "gen0-raw-winner": [2.1026e+06, 182, 3.36748e+06, 2.63904e+06], "gen0-norm-winner": [0, 0.962963, 0.000577128, 0.00903552], "gen0-winner-naw-d-score": 6.74293e+06, "gen0-winner-norm-d-score": 1.38835, "gen0-time": 15224, "gen1-front": [[2.1026e+06, 182, 3.36748e+06, 2.63904e+06], [2.11521e+06, 166, 3.43725e+06, 2.60941e+06], [2.10435e+06, 186, 3.35909e+06, 2.65214e+06], [2.16825e+06, 160, 3.59762e+06, 2.5907e+06], [2.10338e+06, 189, 3.3591e+06, 2.65215e+06], [9.00665e+06, 0, 1.79052e+07, 7.94169e+06], [2.1026e+06, 182, 3.36748e+06, 2.63904e+06], [9.00665e+06, 0, 1.79052e+07, 7.94169e+06], [2.1026e+06, 182, 3.36748e+06, 2.63904e+06]], "gen1-norm-front": [[0, 0.962963, 0.000577128, 0.00903552], [0.00182612, 0.878307, 0.00537338, 0.00349748], [0.000253267, 0.984127, 0, 0.0114831], [0.00950842, 0.846561, 0.0163986, 0], [0.000113375, 1, 4.81227e-07, 0.0114844], [1, 0, 1, 1], [0, 0.962963, 0.000577128, 0.00903552], [1, 0, 1, 1], [0, 0.962963, 0.000577128, 0.00903552]], "gen1-raw-d-score": [7.08883e+06, 7.10948e+06, 7.17814e+06, 1.13233e+07, 2.218e+07, 2.3846e+07, 2.21796e+07, 2.20797e+07, 4.76712e+06], "gen1-norm-d-score": [1.3034, 1.31916, 1.29833, 1.64838, 2.00003, 2.21977, 1.98176, 1.98176, 0.963006], "gen1-sparsity": 3.49358e+13, "gen1-raw-winner": [2.1026e+06, 182, 3.36748e+06, 2.63904e+06], "gen1-norm-winner": [0, 0.962963, 0.000577128, 0.00903552], "gen1-winner-raw-d-score": 4.76712e+06, "gen1-winner-norm-d-score": 0.963006, "gen1-time": 14210, "gen2-front": [[2.1026e+06, 182, 3.36748e+06, 2.63904e+06], [2.10435e+06, 186, 3.35909e+06, 2.65214e+06], [2.11521e+06, 166, 3.43725e+06, 2.60941e+06], [2.16825e+06, 160, 3.59762e+06, 2.5907e+06], [2.10338e+06, 189, 3.3591e+06, 2.65215e+06], [9.00665e+06, 0, 1.79052e+07, 7.94169e+06], [2.1026e+06, 182, 3.36748e+06, 2.63904e+06], [9.00665e+06, 0, 1.79052e+07, 7.94169e+06], [2.1026e+06, 182, 3.36748e+06, 2.63904e+06]], "gen2-norm-front": [[0, 0.962963, 0.000577128, 0.00903552], [0.000253267, 0.984127, 0, 0.0114831], [0.00182612, 0.878307, 0.00537338, 0.00349748], [0.00950842, 0.846561, 0.0163986, 0], [0.000113375, 1, 4.81227e-07, 0.0114844], [1, 0, 1, 1], [0, 0.962963, 0.000577128, 0.00903552], [1, 0, 1, 1], [0, 0.962963, 0.000577128, 0.00903552]], "gen2-raw-d-score": [7.06719e+06, 7.10948e+06, 7.20263e+06, 1.13233e+07, 2.218e+07, 2.3846e+07, 2.21796e+07, 2.20797e+07, 4.76712e+06], "gen2-norm-d-score": [1.37696, 1.31916, 1.22004, 1.64838, 2.00003, 2.21977, 1.98176, 1.98176, 0.963006], "gen2-sparsity": 3.49358e+13, "gen2-raw-winner": [2.1026e+06, 182, 3.36748e+06, 2.63904e+06], "gen2-norm-winner": [0, 0.962963, 0.000577128, 0.00903552], "gen2-winner-raw-d-score": 4.76712e+06, "gen2-winner-norm-d-score": 0.963006, "gen2-time": 13048, "gen3-front": [[2.1026e+06, 182, 3.36748e+06, 2.63904e+06], [2.11521e+06, 166, 3.43725e+06, 2.60941e+06], [2.10435e+06, 186, 3.35909e+06, 2.65214e+06], [2.16825e+06, 160, 3.59762e+06, 2.5907e+06], [2.10338e+06, 189, 3.3591e+06, 2.65215e+06], [9.00665e+06, 0, 1.79052e+07, 7.94169e+06], [2.1026e+06, 182, 3.36748e+06, 2.63904e+06], [9.00665e+06, 0, 1.79052e+07, 7.94169e+06], [2.1026e+06, 182, 3.36748e+06, 2.63904e+06]], "gen3-norm-front": [[0, 0.962963, 0.000577128, 0.00903552], [0.00182612, 0.878307, 0.00537338, 0.00349748], [0.000253267, 0.984127, 0, 0.0114831], [0.00950842, 0.846561, 0.0163986, 0], [0.000113375, 1, 4.81227e-07, 0.0114844], [1, 0, 1, 1], [0, 0.962963, 0.000577128, 0.00903552], [1, 0, 1, 1], [0, 0.962963, 0.000577128, 0.00903552]], "gen3-raw-d-score": [4.76712e+06, 4.80602e+06, 4.76924e+06, 4.93517e+06, 4.76882e+06, 2.15589e+07, 4.76712e+06, 2.15589e+07, 4.76712e+06], "gen3-norm-d-score": [0.963006, 0.878332, 0.984194, 0.846773, 1.00007, 1.73205, 0.963006, 1.73205, 0.963006], "gen3-sparsity": 3.49358e+13, "gen3-raw-winner": [2.1026e+06, 182, 3.36748e+06, 2.63904e+06], "gen3-norm-winner": [0, 0.962963, 0.000577128, 0.00903552], "gen3-winner-raw-d-score": 4.76712e+06, "gen3-winner-norm-d-score": 0.963006, "gen3-time": 13130, "gen4-front": [[2.1026e+06, 182, 3.36748e+06, 2.63904e+06], [2.16825e+06, 160, 3.59762e+06, 2.5907e+06], [2.11521e+06, 166, 3.43725e+06, 2.60941e+06], [2.10435e+06, 186, 3.35909e+06, 2.65214e+06], [2.10338e+06, 189, 3.3591e+06, 2.65215e+06], [9.00665e+06, 0, 1.79052e+07, 7.94169e+06], [2.1026e+06, 182, 3.36748e+06, 2.63904e+06], [9.00665e+06, 0, 1.79052e+07, 7.94169e+06], [2.1026e+06, 182, 3.36748e+06, 2.63904e+06]], "gen4-norm-front": [[0, 0.962963, 0.000577128, 0.00903552], [0.00950842, 0.846561, 0.0163986, 0], [0.00182612, 0.878307, 0.00537338, 0.00349748], [0.000253267, 0.984127, 0, 0.0114831], [0.000113375, 1, 4.81227e-07, 0.0114844], [1, 0, 1, 1], [0, 0.962963, 0.000577128, 0.00903552], [1, 0, 1, 1], [0, 0.962963, 0.000577128, 0.00903552]], "gen4-raw-d-score": [4.76712e+06, 4.93517e+06, 4.80602e+06, 4.76924e+06, 4.76882e+06, 2.15589e+07, 4.76712e+06, 2.15589e+07, 4.76712e+06], "gen4-norm-d-score": [0.963006, 0.846773, 0.878332, 0.984194, 1.00007, 1.73205, 0.963006, 1.73205, 0.963006], "gen4-sparsity": 3.49358e+13, "gen4-raw-winner": [2.1026e+06, 182, 3.36748e+06, 2.63904e+06], "gen4-norm-winner": [0, 0.962963, 0.000577128, 0.00903552], "gen4-winner-raw-d-score": 4.76712e+06, "gen4-winner-norm-d-score": 0.963006, "gen4-time": 13038, "gen5-front": [[2.1026e+06, 182, 3.36748e+06, 2.63904e+06], [2.16825e+06, 160, 3.59762e+06, 2.5907e+06], [2.11521e+06, 166, 3.43725e+06, 2.60941e+06], [2.10435e+06, 186, 3.35909e+06, 2.65214e+06], [2.10338e+06, 189, 3.3591e+06, 2.65215e+06], [9.00665e+06, 0, 1.79052e+07, 7.94169e+06], [2.1026e+06, 182, 3.36748e+06, 2.63904e+06], [9.00665e+06, 0, 1.79052e+07, 7.94169e+06], [2.10338e+06, 189, 3.3591e+06, 2.65215e+06]], "gen5-norm-front": [[0, 0.962963, 0.000577128, 0.00903552], [0.00950842, 0.846561, 0.0163986, 0], [0.00182612, 0.878307, 0.00537338, 0.00349748], [0.000253267, 0.984127, 0, 0.0114831], [0.000113375, 1, 4.81227e-07, 0.0114844], [1, 0, 1, 1], [0, 0.962963, 0.000577128, 0.00903552], [1, 0, 1, 1], [0.000113375, 1, 4.81227e-07, 0.0114844]], "gen5-raw-d-score": [7.18021e+06, 7.20292e+06, 7.08997e+06, 1.1252e+07, 2.218e+07, 2.3846e+07, 2.21797e+07, 2.20801e+07, 4.76882e+06], "gen5-norm-d-score": [1.28234, 1.22004, 1.31913, 1.72301, 2.00003, 2.21977, 1.98176, 2.00003, 1.00007], "gen5-sparsity": 3.49358e+13, "gen5-raw-winner": [2.1026e+06, 182, 3.36748e+06, 2.63904e+06], "gen5-norm-winner": [0, 0.962963, 0.000577128, 0.00903552], "gen5-winner-raw-d-score": 7.18021e+06, "gen5-winner-norm-d-score": 1.28234, "gen5-time": 13106}, {"source": 192156, "target": 177003, "gen0-front": [[977290, 214, 1.87336e+06, 944940], [1.0166e+06, 200, 1.95748e+06, 953973], [980768, 209, 1.87132e+06, 944123], [1.00116e+06, 206, 1.92267e+06, 942335], [977675, 209, 1.87175e+06, 944295]], "gen0-norm-front": [[0, 1, 0.0237111, 0.223836], [1, 0, 1, 1], [0.0884648, 0.642857, 0, 0.153635], [0.607228, 0.428571, 0.59597, 0], [0.00979657, 0.642857, 0.0049906, 0.168414]], "gen0-raw-d-score": [2.52804e+06, 2.59561e+06, 2.52139e+06, 2.55789e+06, 2.31322e+06], "gen0-norm-d-score": [1.43201, 1.73431, 0.901898, 0.95272, 0.664642], "gen0-sparsity": 1.0988e+09, "gen0-raw-winner": [980768, 209, 1.87132e+06, 944123], "gen0-norm-winner": [0.0884648, 0.642857, 0, 0.153635], "gen0-winner-naw-d-score": 2.52139e+06, "gen0-winner-norm-d-score": 0.901898, "gen0-time": 1638, "gen1-front": [[980768, 209, 1.87132e+06, 944123], [977675, 209, 1.87175e+06, 944295], [1.00116e+06, 206, 1.92267e+06, 942335], [977290, 214, 1.87336e+06, 944940], [1.0166e+06, 200, 1.95748e+06, 953973], [978095, 209, 1.87143e+06, 944166], [978599, 209, 1.8726e+06, 943329], [977675, 209, 1.87175e+06, 944295], [1.0166e+06, 200, 1.95748e+06, 953973], [977675, 209, 1.87175e+06, 944295]], "gen1-norm-front": [[0.0884648, 0.642857, 0, 0.153635], [0.00979657, 0.642857, 0.0049906, 0.168414], [0.607228, 0.428571, 0.59597, 0], [0, 1, 0.0237111, 0.223836], [1, 0, 1, 1], [0.020488, 0.642857, 0.00125345, 0.157329], [0.0332858, 0.642857, 0.0148441, 0.0854099], [0.00979657, 0.642857, 0.0049906, 0.168414], [1, 0, 1, 1], [0.00979657, 0.642857, 0.0049906, 0.168414]], "gen1-raw-d-score": [3.42176e+06, 3.44863e+06, 3.46092e+06, 3.47699e+06, 3.4761e+06, 3.41473e+06, 3.42617e+06, 3.47593e+06, 3.3356e+06, 2.31322e+06], "gen1-norm-d-score": [1.19952, 1.53275, 1.71995, 2.1129, 1.96286, 1.12858, 1.36515, 1.96344, 1.8552, 0.664642], "gen1-sparsity": 4.87535e+08, "gen1-raw-winner": [978095, 209, 1.87143e+06, 944166], "gen1-norm-winner": [0.020488, 0.642857, 0.00125345, 0.157329], "gen1-winner-raw-d-score": 3.41473e+06, "gen1-winner-norm-d-score": 1.12858, "gen1-time": 1415, "gen2-front": [[978095, 209, 1.87143e+06, 944166], [980768, 209, 1.87132e+06, 944123], [977675, 209, 1.87175e+06, 944295], [978599, 209, 1.8726e+06, 943329], [977675, 209, 1.87175e+06, 944295], [1.00116e+06, 206, 1.92267e+06, 942335], [977290, 214, 1.87336e+06, 944940], [1.0166e+06, 200, 1.95748e+06, 953973], [978095, 209, 1.87143e+06, 944166], [978599, 209, 1.8726e+06, 943329], [977675, 209, 1.87175e+06, 944295], [1.0166e+06, 200, 1.95748e+06, 953973]], "gen2-norm-front": [[0.020488, 0.642857, 0.00125345, 0.157329], [0.0884648, 0.642857, 0, 0.153635], [0.00979657, 0.642857, 0.0049906, 0.168414], [0.0332858, 0.642857, 0.0148441, 0.0854099], [0.00979657, 0.642857, 0.0049906, 0.168414], [0.607228, 0.428571, 0.59597, 0], [0, 1, 0.0237111, 0.223836], [1, 0, 1, 1], [0.020488, 0.642857, 0.00125345, 0.157329], [0.0332858, 0.642857, 0.0148441, 0.0854099], [0.00979657, 0.642857, 0.0049906, 0.168414], [1, 0, 1, 1]], "gen2-raw-d-score": [4.00705e+06, 4.00752e+06, 4.00701e+06, 4.03635e+06, 4.03676e+06, 4.08898e+06, 4.05994e+06, 4.05953e+06, 4.00693e+06, 4.05961e+06, 3.3356e+06, 2.40318e+06], "gen2-norm-d-score": [1.15104, 1.14382, 1.14254, 1.33087, 1.54919, 2.22671, 2.11875, 1.96477, 1.14109, 1.96561, 1.8552, 1.73205], "gen2-sparsity": 3.98892e+08, "gen2-raw-winner": [978095, 209, 1.87143e+06, 944166], "gen2-norm-winner": [0.020488, 0.642857, 0.00125345, 0.157329], "gen2-winner-raw-d-score": 4.00693e+06, "gen2-winner-norm-d-score": 1.14109, "gen2-time": 2417, "gen3-front": [[978095, 209, 1.87143e+06, 944166], [980768, 209, 1.87132e+06, 944123], [978095, 209, 1.87143e+06, 944166], [977675, 209, 1.87175e+06, 944295], [978599, 209, 1.8726e+06, 943329], [977675, 209, 1.87175e+06, 944295], [978599, 209, 1.8726e+06, 943329], [1.00116e+06, 206, 1.92267e+06, 942335], [977290, 214, 1.87336e+06, 944940], [978095, 209, 1.87143e+06, 944166], [978599, 209, 1.8726e+06, 943329], [977675, 209, 1.87175e+06, 944295]], "gen3-norm-front": [[0.0337402, 0.375, 0.00210321, 0.702879], [0.145686, 0.375, 0, 0.686372], [0.0337402, 0.375, 0.00210321, 0.702879], [0.0161333, 0.375, 0.0083739, 0.752399], [0.054816, 0.375, 0.0249075, 0.381574], [0.0161333, 0.375, 0.0083739, 0.752399], [0.054816, 0.375, 0.0249075, 0.381574], [1, 0, 1, 0], [0, 1, 0.0397858, 1], [0.0337402, 0.375, 0.00210321, 0.702879], [0.054816, 0.375, 0.0249075, 0.381574], [0.0161333, 0.375, 0.0083739, 0.752399]], "gen3-raw-d-score": [2.31308e+06, 2.31411e+06, 2.31308e+06, 2.31322e+06, 2.3139e+06, 2.31322e+06, 2.3139e+06, 2.36368e+06, 2.31462e+06, 2.31308e+06, 2.3139e+06, 2.31322e+06], "gen3-norm-d-score": [0.797375, 0.795586, 0.797375, 0.840869, 0.538376, 0.840869, 0.538376, 1.41421, 1.41477, 0.797375, 0.538376, 0.840869], "gen3-sparsity": 2.59627e+08, "gen3-raw-winner": [980768, 209, 1.87132e+06, 944123], "gen3-norm-winner": [0.145686, 0.375, 0, 0.686372], "gen3-winner-raw-d-score": 2.31411e+06, "gen3-winner-norm-d-score": 0.795586, "gen3-time": 392, "gen4-front": [[980768, 209, 1.87132e+06, 944123], [978095, 209, 1.87143e+06, 944166], [978599, 209, 1.8726e+06, 943329], [977675, 209, 1.87175e+06, 944295], [978095, 209, 1.87143e+06, 944166], [977675, 209, 1.87175e+06, 944295]], "gen4-norm-front": [[1, 0, 0, 0.821946], [0.135905, 0, 0.084441, 0.86646], [0.298586, 0, 1, 0], [0, 0, 0.3362, 1], [0.135905, 0, 0.084441, 0.86646], [0, 0, 0.3362, 1]], "gen4-raw-d-score": [2.51232e+06, 2.51158e+06, 2.51197e+06, 2.5115e+06, 2.51122e+06, 2.31322e+06], "gen4-norm-d-score": [1.30156, 0.930326, 1.04363, 1.06372, 0.881109, 1.055], "gen4-sparsity": 1.3242e+06, "gen4-raw-winner": [978095, 209, 1.87143e+06, 944166], "gen4-norm-winner": [0.135905, 0, 0.084441, 0.86646], "gen4-winner-raw-d-score": 2.51122e+06, "gen4-winner-norm-d-score": 0.881109, "gen4-time": 388, "gen5-front": [[978095, 209, 1.87143e+06, 944166], [980768, 209, 1.87132e+06, 944123], [978599, 209, 1.8726e+06, 943329], [977675, 209, 1.87175e+06, 944295], [977675, 209, 1.87175e+06, 944295], [978178, 209, 1.87292e+06, 943458], [977675, 209, 1.87175e+06, 944295], [977290, 214, 1.87336e+06, 944940], [977675, 209, 1.87175e+06, 944295], [978178, 209, 1.87292e+06, 943458]], "gen5-norm-front": [[0.231595, 0, 0.0528634, 0.519553], [1, 0, 0, 0.492862], [0.37626, 0, 0.62604, 0], [0.11074, 0, 0.210475, 0.599628], [0.11074, 0, 0.210475, 0.599628], [0.255406, 0, 0.783651, 0.0800745], [0.11074, 0, 0.210475, 0.599628], [0, 1, 1, 1], [0.11074, 0, 0.210475, 0.599628], [0.255406, 0, 0.783651, 0.0800745]], "gen5-raw-d-score": [2.31308e+06, 2.31411e+06, 2.3139e+06, 2.31322e+06, 2.31322e+06, 2.31404e+06, 2.31322e+06, 2.31462e+06, 2.31322e+06, 2.31404e+06], "gen5-norm-d-score": [978599, 1.11486, 0.73041, 0.645071, 0.645071, 0.828102, 0.645071, 1.91983, 0.645071, 0.828102], "gen5-sparsity": 804803, "gen5-raw-winner": [978095, 209, 1.87143e+06, 944166], "gen5-norm-winner": [0.231595, 0, 0.0528634, 0.519553], "gen5-winner-raw-d-score": 2.31308e+06, "gen5-winner-norm-d-score": 978599, "gen5-time": 384}, {"source": 209893, "target": 416036, "gen0-front": [[540578, 140, 863710, 707457], [2.37737e+06, 26, 4.69583e+06, 2.10162e+06], [548458, 148, 853621, 736029], [707200, 157, 1.33008e+06, 699450], [540578, 140, 863710, 707457], [540603, 140, 863636, 707426], [540578, 140, 863710, 707457], [540603, 140, 863636, 707426]], "gen0-norm-front": [[0, 0.870229, 0.00262583, 0.00571041], [1, 0, 1, 1], [0.00428974, 0.931298, 0, 0.0260873], [0.0907133, 1, 0.124006, 0], [0, 0.870229, 0.00262583, 0.00571041], [1.33875e-05, 0.870229, 0.00260657, 0.00568831], [0, 0.870229, 0.00262583, 0.00571041], [1.33875e-05, 0.870229, 0.00260657, 0.00568831]], "gen0-raw-d-score": [5.80157e+06, 5.80437e+06, 2.08079e+06, 2.07297e+06, 1.75422e+06, 1.75422e+06, 1.75422e+06, 1.24039e+06], "gen0-norm-d-score": [1.93839, 1.96673, 1.37536, 1.33452, 1.23072, 1.23072, 1.23072, 0.870252], "gen0-sparsity": 2.31805e+12, "gen0-raw-winner": [540603, 140, 863636, 707426], "gen0-norm-winner": [1.33875e-05, 0.870229, 0.00260657, 0.00568831], "gen0-winner-naw-d-score": 1.24039e+06, "gen0-winner-norm-d-score": 0.870252, "gen0-time": 6200, "gen1-front": [[540603, 140, 863636, 707426], [540578, 140, 863710, 707457], [548458, 148, 853621, 736029], [707200, 157, 1.33008e+06, 699450], [2.37737e+06, 26, 4.69583e+06, 2.10162e+06], [540603, 140, 863636, 707426], [2.37737e+06, 26, 4.69583e+06, 2.10162e+06], [540603, 140, 863636, 707426]], "gen1-norm-front": [[1.33875e-05, 0.870229, 0.00260657, 0.00568831], [0, 0.870229, 0.00262583, 0.00571041], [0.00428974, 0.931298, 0, 0.0260873], [0.0907133, 1, 0.124006, 0], [1, 0, 1, 1], [1.33875e-05, 0.870229, 0.00260657, 0.00568831], [1, 0, 1, 1], [1.33875e-05, 0.870229, 0.00260657, 0.00568831]], "gen1-raw-d-score": [1.75422e+06, 1.7635e+06, 2.08079e+06, 5.90576e+06, 5.80156e+06, 5.80156e+06, 5.80156e+06, 1.24039e+06], "gen1-norm-d-score": [1.23072, 1.27489, 1.37536, 2.00589, 1.93839, 1.93839, 1.93839, 0.870252], "gen1-sparsity": 2.31805e+12, "gen1-raw-winner": [540603, 140, 863636, 707426], "gen1-norm-winner": [1.33875e-05, 0.870229, 0.00260657, 0.00568831], "gen1-winner-raw-d-score": 1.24039e+06, "gen1-winner-norm-d-score": 0.870252, "gen1-time": 5737, "gen2-front": [[540603, 140, 863636, 707426], [540578, 140, 863710, 707457], [548458, 148, 853621, 736029], [707200, 157, 1.33008e+06, 699450], [2.37737e+06, 26, 4.69583e+06, 2.10162e+06], [540603, 140, 863636, 707426], [2.37737e+06, 26, 4.69583e+06, 2.10162e+06], [540603, 140, 863636, 707426]], "gen2-norm-front": [[1.33875e-05, 0.870229, 0.00260657, 0.00568831], [0, 0.870229, 0.00262583, 0.00571041], [0.00428974, 0.931298, 0, 0.0260873], [0.0907133, 1, 0.124006, 0], [1, 0, 1, 1], [1.33875e-05, 0.870229, 0.00260657, 0.00568831], [1, 0, 1, 1], [1.33875e-05, 0.870229, 0.00260657, 0.00568831]], "gen2-raw-d-score": [1.75422e+06, 1.7635e+06, 2.08079e+06, 5.90576e+06, 5.80156e+06, 5.80156e+06, 5.80156e+06, 1.24039e+06], "gen2-norm-d-score": [1.23072, 1.27489, 1.37536, 2.00589, 1.93839, 1.93839, 1.93839, 0.870252], "gen2-sparsity": 2.31805e+12, "gen2-raw-winner": [540603, 140, 863636, 707426], "gen2-norm-winner": [1.33875e-05, 0.870229, 0.00260657, 0.00568831], "gen2-winner-raw-d-score": 1.24039e+06, "gen2-winner-norm-d-score": 0.870252, "gen2-time": 5316, "gen3-front": [[540603, 140, 863636, 707426], [540578, 140, 863710, 707457], [548458, 148, 853621, 736029], [707200, 157, 1.33008e+06, 699450], [2.37737e+06, 26, 4.69583e+06, 2.10162e+06], [540603, 140, 863636, 707426], [2.37737e+06, 26, 4.69583e+06, 2.10162e+06], [540603, 140, 863636, 707426]], "gen3-norm-front": [[1.33875e-05, 0.870229, 0.00260657, 0.00568831], [0, 0.870229, 0.00262583, 0.00571041], [0.00428974, 0.931298, 0, 0.0260873], [0.0907133, 1, 0.124006, 0], [1, 0, 1, 1], [1.33875e-05, 0.870229, 0.00260657, 0.00568831], [1, 0, 1, 1], [1.33875e-05, 0.870229, 0.00260657, 0.00568831]], "gen3-raw-d-score": [1.75422e+06, 1.7635e+06, 2.08079e+06, 5.90576e+06, 5.80156e+06, 5.80156e+06, 5.80156e+06, 1.24039e+06], "gen3-norm-d-score": [1.23072, 1.27489, 1.37536, 2.00589, 1.93839, 1.93839, 1.93839, 0.870252], "gen3-sparsity": 2.31805e+12, "gen3-raw-winner": [540603, 140, 863636, 707426], "gen3-norm-winner": [1.33875e-05, 0.870229, 0.00260657, 0.00568831], "gen3-winner-raw-d-score": 1.24039e+06, "gen3-winner-norm-d-score": 0.870252, "gen3-time": 5368, "gen4-front": [[540603, 140, 863636, 707426], [540578, 140, 863710, 707457], [548458, 148, 853621, 736029], [707200, 157, 1.33008e+06, 699450], [2.37737e+06, 26, 4.69583e+06, 2.10162e+06], [540603, 140, 863636, 707426], [2.37737e+06, 26, 4.69583e+06, 2.10162e+06], [540603, 140, 863636, 707426]], "gen4-norm-front": [[1.33875e-05, 0.870229, 0.00260657, 0.00568831], [0, 0.870229, 0.00262583, 0.00571041], [0.00428974, 0.931298, 0, 0.0260873], [0.0907133, 1, 0.124006, 0], [1, 0, 1, 1], [1.33875e-05, 0.870229, 0.00260657, 0.00568831], [1, 0, 1, 1], [1.33875e-05, 0.870229, 0.00260657, 0.00568831]], "gen4-raw-d-score": [1.75422e+06, 1.7635e+06, 2.08079e+06, 5.90576e+06, 5.80156e+06, 5.80156e+06, 5.80156e+06, 1.24039e+06], "gen4-norm-d-score": [1.23072, 1.27489, 1.37536, 2.00589, 1.93839, 1.93839, 1.93839, 0.870252], "gen4-sparsity": 2.31805e+12, "gen4-raw-winner": [540603, 140, 863636, 707426], "gen4-norm-winner": [1.33875e-05, 0.870229, 0.00260657, 0.00568831], "gen4-winner-raw-d-score": 1.24039e+06, "gen4-winner-norm-d-score": 0.870252, "gen4-time": 5321, "gen5-front": [[540603, 140, 863636, 707426], [540578, 140, 863710, 707457], [548458, 148, 853621, 736029], [707200, 157, 1.33008e+06, 699450], [2.37737e+06, 26, 4.69583e+06, 2.10162e+06], [540603, 140, 863636, 707426], [2.37737e+06, 26, 4.69583e+06, 2.10162e+06], [540603, 140, 863636, 707426]], "gen5-norm-front": [[1.33875e-05, 0.870229, 0.00260657, 0.00568831], [0, 0.870229, 0.00262583, 0.00571041], [0.00428974, 0.931298, 0, 0.0260873], [0.0907133, 1, 0.124006, 0], [1, 0, 1, 1], [1.33875e-05, 0.870229, 0.00260657, 0.00568831], [1, 0, 1, 1], [1.33875e-05, 0.870229, 0.00260657, 0.00568831]], "gen5-raw-d-score": [1.24039e+06, 1.24045e+06, 1.25348e+06, 1.66086e+06, 5.66741e+06, 5.80156e+06, 5.66741e+06, 1.24039e+06], "gen5-norm-d-score": [0.870252, 0.870252, 0.931673, 1.01173, 1.73205, 0.870252, 1.73205, 0.870252], "gen5-sparsity": 2.31805e+12, "gen5-raw-winner": [540603, 140, 863636, 707426], "gen5-norm-winner": [1.33875e-05, 0.870229, 0.00260657, 0.00568831], "gen5-winner-raw-d-score": 1.24039e+06, "gen5-winner-norm-d-score": 0.870252, "gen5-time": 5351}, {"source": 326767, "target": 388464, "gen0-front": [[2.38372e+06, 432, 3.96986e+06, 2.87608e+06], [3.47607e+06, 260, 6.90653e+06, 3.08479e+06], [2.38372e+06, 432, 3.96986e+06, 2.87608e+06], [2.56201e+06, 298, 4.82893e+06, 2.53265e+06], [2.38372e+06, 432, 3.96986e+06, 2.87608e+06]], "gen0-norm-front": [[0, 1, 0, 0.622003], [1, 0, 1, 1], [0, 1, 0, 0.622003], [0.163217, 0.22093, 0.292533, 0], [0, 1, 0, 0.622003]], "gen0-raw-d-score": [6.46504e+06, 8.65917e+06, 6.02309e+06, 6.47911e+06, 5.45103e+06], "gen0-norm-d-score": [1.54496, 1.73205, 1.18892, 0.40128, 1.17766], "gen0-sparsity": 1.5208e+12, "gen0-raw-winner": [2.56201e+06, 298, 4.82893e+06, 2.53265e+06], "gen0-norm-winner": [0.163217, 0.22093, 0.292533, 0], "gen0-winner-naw-d-score": 6.47911e+06, "gen0-winner-norm-d-score": 0.40128, "gen0-time": 5372, "gen1-front": [[2.56201e+06, 298, 4.82893e+06, 2.53265e+06], [2.38372e+06, 432, 3.96986e+06, 2.87608e+06], [3.47607e+06, 260, 6.90653e+06, 3.08479e+06], [2.38372e+06, 432, 3.96986e+06, 2.87608e+06], [3.47607e+06, 260, 6.90653e+06, 3.08479e+06], [2.38372e+06, 432, 3.96986e+06, 2.87608e+06], [2.39282e+06, 357, 4.07134e+06, 2.80445e+06], [2.38372e+06, 432, 3.96986e+06, 2.87608e+06]], "gen1-norm-front": [[0.163217, 0.22093, 0.292533, 0], [0, 1, 0, 0.622003], [1, 0, 1, 1], [0, 1, 0, 0.622003], [1, 0, 1, 1], [0, 1, 0, 0.622003], [0.00832932, 0.563953, 0.0345568, 0.49226], [0, 1, 0, 0.622003]], "gen1-raw-d-score": [8.12469e+06, 9.95052e+06, 9.95052e+06, 9.95052e+06, 9.95052e+06, 7.73822e+06, 7.73822e+06, 5.45103e+06], "gen1-norm-d-score": [1.24415, 2.09449, 2.09449, 2.09449, 2.09449, 1.39589, 1.39589, 1.17766], "gen1-sparsity": 8.41061e+11, "gen1-raw-winner": [2.38372e+06, 432, 3.96986e+06, 2.87608e+06], "gen1-norm-winner": [0, 1, 0, 0.622003], "gen1-winner-raw-d-score": 5.45103e+06, "gen1-winner-norm-d-score": 1.17766, "gen1-time": 5088, "gen2-front": [[2.38372e+06, 432, 3.96986e+06, 2.87608e+06], [2.56201e+06, 298, 4.82893e+06, 2.53265e+06], [2.38372e+06, 432, 3.96986e+06, 2.87608e+06], [2.39282e+06, 357, 4.07134e+06, 2.80445e+06], [2.38372e+06, 432, 3.96986e+06, 2.87608e+06], [3.47607e+06, 260, 6.90653e+06, 3.08479e+06], [2.38372e+06, 432, 3.96986e+06, 2.87608e+06], [3.47607e+06, 260, 6.90653e+06, 3.08479e+06], [2.44331e+06, 353, 4.43204e+06, 2.60579e+06]], "gen2-norm-front": [[0, 1, 0, 0.622003], [0.163217, 0.22093, 0.292533, 0], [0, 1, 0, 0.622003], [0.00832932, 0.563953, 0.0345568, 0.49226], [0, 1, 0, 0.622003], [1, 0, 1, 1], [0, 1, 0, 0.622003], [1, 0, 1, 1], [0.0545524, 0.540698, 0.157385, 0.132469]], "gen2-raw-d-score": [8.46715e+06, 8.46972e+06, 8.09705e+06, 8.48311e+06, 1.02321e+07, 1.05402e+07, 1.02461e+07, 1.00847e+07, 5.69236e+06], "gen2-norm-d-score": [1.24415, 1.24418, 1.39589, 1.71712, 2.09449, 2.32097, 2.0952, 1.82692, 0.581075], "gen2-sparsity": 6.95008e+11, "gen2-raw-winner": [2.44331e+06, 353, 4.43204e+06, 2.60579e+06], "gen2-norm-winner": [0.0545524, 0.540698, 0.157385, 0.132469], "gen2-winner-raw-d-score": 5.69236e+06, "gen2-winner-norm-d-score": 0.581075, "gen2-time": 4594, "gen3-front": [[2.44331e+06, 353, 4.43204e+06, 2.60579e+06], [2.38372e+06, 432, 3.96986e+06, 2.87608e+06], [2.56201e+06, 298, 4.82893e+06, 2.53265e+06], [2.38372e+06, 432, 3.96986e+06, 2.87608e+06], [2.39282e+06, 357, 4.07134e+06, 2.80445e+06], [2.38372e+06, 432, 3.96986e+06, 2.87608e+06], [3.47607e+06, 260, 6.90653e+06, 3.08479e+06], [2.38372e+06, 432, 3.96986e+06, 2.87608e+06], [3.47607e+06, 260, 6.90653e+06, 3.08479e+06], [2.38372e+06, 432, 3.96986e+06, 2.87608e+06]], "gen3-norm-front": [[0.0545524, 0.540698, 0.157385, 0.132469], [0, 1, 0, 0.622003], [0.163217, 0.22093, 0.292533, 0], [0, 1, 0, 0.622003], [0.00832932, 0.563953, 0.0345568, 0.49226], [0, 1, 0, 0.622003], [1, 0, 1, 1], [0, 1, 0, 0.622003], [1, 0, 1, 1], [0, 1, 0, 0.622003]], "gen3-raw-d-score": [8.28737e+06, 8.46715e+06, 8.46972e+06, 8.09705e+06, 8.48311e+06, 1.02321e+07, 1.05402e+07, 1.02321e+07, 9.95052e+06, 5.45103e+06], "gen3-norm-d-score": [1.34164, 1.59622, 1.36603, 1.71712, 1.71712, 2.32097, 2.32097, 2.32097, 2.09449, 1.17766], "gen3-sparsity": 6.17785e+11, "gen3-raw-winner": [2.38372e+06, 432, 3.96986e+06, 2.87608e+06], "gen3-norm-winner": [0, 1, 0, 0.622003], "gen3-winner-raw-d-score": 5.45103e+06, "gen3-winner-norm-d-score": 1.17766, "gen3-time": 4653, "gen4-front": [[2.38372e+06, 432, 3.96986e+06, 2.87608e+06], [2.44331e+06, 353, 4.43204e+06, 2.60579e+06], [2.56201e+06, 298, 4.82893e+06, 2.53265e+06], [2.38372e+06, 432, 3.96986e+06, 2.87608e+06], [2.39282e+06, 357, 4.07134e+06, 2.80445e+06], [2.38372e+06, 432, 3.96986e+06, 2.87608e+06], [3.47607e+06, 260, 6.90653e+06, 3.08479e+06], [2.38372e+06, 432, 3.96986e+06, 2.87608e+06], [3.47607e+06, 260, 6.90653e+06, 3.08479e+06]], "gen4-norm-front": [[0, 1, 0, 0.622003], [0.0545524, 0.540698, 0.157385, 0.132469], [0.163217, 0.22093, 0.292533, 0], [0, 1, 0, 0.622003], [0.00832932, 0.563953, 0.0345568, 0.49226], [0, 1, 0, 0.622003], [1, 0, 1, 1], [0, 1, 0, 0.622003], [1, 0, 1, 1]], "gen4-raw-d-score": [8.28737e+06, 8.62449e+06, 8.46972e+06, 8.09705e+06, 8.48311e+06, 1.02321e+07, 1.05402e+07, 9.95052e+06, 8.32461e+06], "gen4-norm-d-score": [1.32332, 0.706168, 1.24418, 1.39589, 1.71712, 2.09449, 2.32097, 2.09449, 1.73205], "gen4-sparsity": 6.95008e+11, "gen4-raw-winner": [2.44331e+06, 353, 4.43204e+06, 2.60579e+06], "gen4-norm-winner": [0.0545524, 0.540698, 0.157385, 0.132469], "gen4-winner-raw-d-score": 8.62449e+06, "gen4-winner-norm-d-score": 0.706168, "gen4-time": 4636, "gen5-front": [[2.44331e+06, 353, 4.43204e+06, 2.60579e+06], [2.56201e+06, 298, 4.82893e+06, 2.53265e+06], [2.38372e+06, 432, 3.96986e+06, 2.87608e+06], [2.39282e+06, 357, 4.07134e+06, 2.80445e+06], [2.38372e+06, 432, 3.96986e+06, 2.87608e+06], [3.47607e+06, 260, 6.90653e+06, 3.08479e+06], [2.38372e+06, 432, 3.96986e+06, 2.87608e+06], [3.47607e+06, 260, 6.90653e+06, 3.08479e+06], [2.44293e+06, 355, 4.4337e+06, 2.60646e+06]], "gen5-norm-front": [[0.0545524, 0.540698, 0.157385, 0.132469], [0.163217, 0.22093, 0.292533, 0], [0, 1, 0, 0.622003], [0.00832932, 0.563953, 0.0345568, 0.49226], [0, 1, 0, 0.622003], [1, 0, 1, 1], [0, 1, 0, 0.622003], [1, 0, 1, 1], [0.0542029, 0.552326, 0.157949, 0.13367]], "gen5-raw-d-score": [8.62449e+06, 8.46972e+06, 8.09705e+06, 8.48311e+06, 1.02321e+07, 1.05402e+07, 1.0246e+07, 1.00856e+07, 5.69379e+06], "gen5-norm-d-score": [0.706168, 1.24418, 1.39589, 1.71712, 2.09449, 2.32097, 2.09519, 1.83052, 0.592298], "gen5-sparsity": 6.94807e+11, "gen5-raw-winner": [2.44331e+06, 353, 4.43204e+06, 2.60579e+06], "gen5-norm-winner": [0.0545524, 0.540698, 0.157385, 0.132469], "gen5-winner-raw-d-score": 8.62449e+06, "gen5-winner-norm-d-score": 0.706168, "gen5-time": 4625}, {"source": 244506, "target": 398590, "gen0-front": [[3.87585e+06, 727, 6.44158e+06, 4.68507e+06], [9.40043e+06, 448, 1.87459e+07, 8.21403e+06], [3.92136e+06, 825, 6.41897e+06, 4.81366e+06], [4.47297e+06, 1217, 8.395e+06, 4.40471e+06], [3.87585e+06, 727, 6.44158e+06, 4.68507e+06], [3.87632e+06, 727, 6.44359e+06, 4.68429e+06], [3.87585e+06, 727, 6.44158e+06, 4.68507e+06]], "gen0-norm-front": [[0, 0.362809, 0.00183396, 0.0735972], [1, 0, 1, 1], [0.00823631, 0.490247, 0, 0.107354], [0.108083, 1, 0.160302, 0], [0, 0.362809, 0.00183396, 0.0735972], [8.45553e-05, 0.362809, 0.0019971, 0.0733933], [0, 0.362809, 0.00183396, 0.0735972]], "gen0-raw-d-score": [2.27649e+07, 2.3745e+07, 1.30474e+07, 1.28997e+07, 1.16195e+07, 1.16191e+07, 8.85811e+06], "gen0-norm-d-score": [1.46187, 1.80011, 1.13548, 1.08121, 0.518348, 0.518319, 0.370203], "gen0-sparsity": 2.45321e+13, "gen0-raw-winner": [3.87585e+06, 727, 6.44158e+06, 4.68507e+06], "gen0-norm-winner": [0, 0.362809, 0.00183396, 0.0735972], "gen0-winner-naw-d-score": 8.85811e+06, "gen0-winner-norm-d-score": 0.370203, "gen0-time": 10081, "gen1-front": [[3.87585e+06, 727, 6.44158e+06, 4.68507e+06], [3.87632e+06, 727, 6.44359e+06, 4.68429e+06], [3.92136e+06, 825, 6.41897e+06, 4.81366e+06], [4.47297e+06, 1217, 8.395e+06, 4.40471e+06], [9.40043e+06, 448, 1.87459e+07, 8.21403e+06], [3.87585e+06, 727, 6.44158e+06, 4.68507e+06], [9.40043e+06, 448, 1.87459e+07, 8.21403e+06], [3.87585e+06, 727, 6.44158e+06, 4.68507e+06]], "gen1-norm-front": [[0, 0.362809, 0.00183396, 0.0735972], [8.45553e-05, 0.362809, 0.0019971, 0.0733933], [0.00823631, 0.490247, 0, 0.107354], [0.108083, 1, 0.160302, 0], [1, 0, 1, 1], [0, 0.362809, 0.00183396, 0.0735972], [1, 0, 1, 1], [0, 0.362809, 0.00183396, 0.0735972]], "gen1-raw-d-score": [1.25281e+07, 1.25793e+07, 1.37709e+07, 2.48421e+07, 2.42015e+07, 2.42015e+07, 2.42015e+07, 8.85811e+06], "gen1-norm-d-score": [0.523518, 0.623663, 1.13548, 2.00932, 1.77117, 1.77117, 1.77117, 0.370203], "gen1-sparsity": 2.10275e+13, "gen1-raw-winner": [3.87585e+06, 727, 6.44158e+06, 4.68507e+06], "gen1-norm-winner": [0, 0.362809, 0.00183396, 0.0735972], "gen1-winner-raw-d-score": 8.85811e+06, "gen1-winner-norm-d-score": 0.370203, "gen1-time": 9542, "gen2-front": [[3.87585e+06, 727, 6.44158e+06, 4.68507e+06], [3.87632e+06, 727, 6.44359e+06, 4.68429e+06], [3.92136e+06, 825, 6.41897e+06, 4.81366e+06], [4.47297e+06, 1217, 8.395e+06, 4.40471e+06], [9.40043e+06, 448, 1.87459e+07, 8.21403e+06], [3.87585e+06, 727, 6.44158e+06, 4.68507e+06], [9.40043e+06, 448, 1.87459e+07, 8.21403e+06], [3.87585e+06, 727, 6.44158e+06, 4.68507e+06]], "gen2-norm-front": [[0, 0.362809, 0.00183396, 0.0735972], [8.45553e-05, 0.362809, 0.0019971, 0.0733933], [0.00823631, 0.490247, 0, 0.107354], [0.108083, 1, 0.160302, 0], [1, 0, 1, 1], [0, 0.362809, 0.00183396, 0.0735972], [1, 0, 1, 1], [0, 0.362809, 0.00183396, 0.0735972]], "gen2-raw-d-score": [1.25281e+07, 1.25793e+07, 1.37709e+07, 2.48421e+07, 2.42015e+07, 2.42015e+07, 2.42015e+07, 8.85811e+06], "gen2-norm-d-score": [0.523518, 0.623663, 1.13548, 2.00932, 1.77117, 1.77117, 1.77117, 0.370203], "gen2-sparsity": 2.10275e+13, "gen2-raw-winner": [3.87585e+06, 727, 6.44158e+06, 4.68507e+06], "gen2-norm-winner": [0, 0.362809, 0.00183396, 0.0735972], "gen2-winner-raw-d-score": 8.85811e+06, "gen2-winner-norm-d-score": 0.370203, "gen2-time": 9528, "gen3-front": [[3.87585e+06, 727, 6.44158e+06, 4.68507e+06], [3.87632e+06, 727, 6.44359e+06, 4.68429e+06], [3.92136e+06, 825, 6.41897e+06, 4.81366e+06], [4.47297e+06, 1217, 8.395e+06, 4.40471e+06], [9.40043e+06, 448, 1.87459e+07, 8.21403e+06], [3.87585e+06, 727, 6.44158e+06, 4.68507e+06], [9.40043e+06, 448, 1.87459e+07, 8.21403e+06], [3.87632e+06, 727, 6.44359e+06, 4.68429e+06], [3.87585e+06, 727, 6.44158e+06, 4.68507e+06]], "g