{"data": [{"source": 192501, "target": 10962, "gen0-front": [[2.91626e+06, 462, 4.70379e+06, 3.65744e+06], [1.21569e+07, 149, 2.42228e+07, 1.0628e+07], [2.92328e+06, 461, 4.70082e+06, 3.67295e+06], [3.18197e+06, 459, 5.88663e+06, 3.19941e+06], [2.91626e+06, 462, 4.70379e+06, 3.65744e+06], [2.93938e+06, 408, 5.1701e+06, 3.24219e+06], [2.91626e+06, 462, 4.70379e+06, 3.65744e+06]], "gen0-norm-front": [[0, 1, 0.00015229, 0.0616572], [1, 0, 1, 1], [0.000759818, 0.996805, 0, 0.0637461], [0.0287542, 0.990415, 0.0607422, 0], [0, 1, 0.00015229, 0.0616572], [0.00250122, 0.827476, 0.0240388, 0.00575925], [0, 1, 0.00015229, 0.0616572]], "gen0-raw-d-score": [2.79024e+07, 2.96333e+07, 9.42927e+06, 9.25439e+06, 8.90938e+06, 8.74711e+06, 6.63378e+06], "gen0-norm-d-score": [1.73315, 1.9984, 1.40823, 1.40906, 1.29965, 1.2982, 1.0019], "gen0-sparsity": 7.76838e+13, "gen0-raw-winner": [1.21569e+07, 149, 2.42228e+07, 1.0628e+07], "gen0-norm-winner": [1, 0, 1, 1], "gen0-winner-naw-d-score": 2.96333e+07, "gen0-winner-norm-d-score": 1.9984, "gen0-time": 16748, "gen1-front": [[1.21569e+07, 149, 2.42228e+07, 1.0628e+07], [2.91626e+06, 462, 4.70379e+06, 3.65744e+06], [3.18197e+06, 459, 5.88663e+06, 3.19941e+06], [2.92328e+06, 461, 4.70082e+06, 3.67295e+06], [2.93938e+06, 408, 5.1701e+06, 3.24219e+06], [1.21569e+07, 149, 2.42228e+07, 1.0628e+07], [2.91626e+06, 462, 4.70379e+06, 3.65744e+06], [2.93938e+06, 408, 5.1701e+06, 3.24219e+06], [2.93926e+06, 408, 5.16871e+06, 3.24296e+06], [2.91626e+06, 462, 4.70379e+06, 3.65744e+06]], "gen1-norm-front": [[1, 0, 1, 1], [0, 1, 0.00015229, 0.0616572], [0.0287542, 0.990415, 0.0607422, 0], [0.000759818, 0.996805, 0, 0.0637461], [0.00250122, 0.827476, 0.0240388, 0.00575925], [1, 0, 1, 1], [0, 1, 0.00015229, 0.0616572], [0.00250122, 0.827476, 0.0240388, 0.00575925], [0.00248907, 0.827476, 0.0239675, 0.0058625], [0, 1, 0.00015229, 0.0616572]], "gen1-raw-d-score": [3.0027e+07, 1.03714e+07, 1.03821e+07, 1.54209e+07, 3.00312e+07, 3.00023e+07, 9.92613e+06, 1.00129e+07, 9.48044e+06, 6.63378e+06], "gen1-norm-d-score": [2.23283, 1.7271, 1.63335, 1.63799, 2.16456, 2.1653, 1.54073, 1.5397, 1.29967, 1.0019], "gen1-sparsity": 5.1789e+13, "gen1-raw-winner": [1.21569e+07, 149, 2.42228e+07, 1.0628e+07], "gen1-norm-winner": [1, 0, 1, 1], "gen1-winner-raw-d-score": 3.00023e+07, "gen1-winner-norm-d-score": 2.1653, "gen1-time": 15726, "gen2-front": [[1.21569e+07, 149, 2.42228e+07, 1.0628e+07], [2.91626e+06, 462, 4.70379e+06, 3.65744e+06], [3.18197e+06, 459, 5.88663e+06, 3.19941e+06], [2.93938e+06, 408, 5.1701e+06, 3.24219e+06], [2.92328e+06, 461, 4.70082e+06, 3.67295e+06], [2.93926e+06, 408, 5.16871e+06, 3.24296e+06], [1.21569e+07, 149, 2.42228e+07, 1.0628e+07], [2.91626e+06, 462, 4.70379e+06, 3.65744e+06]], "gen2-norm-front": [[1, 0, 1, 1], [0, 1, 0.00015229, 0.0616572], [0.0287542, 0.990415, 0.0607422, 0], [0.00250122, 0.827476, 0.0240388, 0.00575925], [0.000759818, 0.996805, 0, 0.0637461], [0.00248907, 0.827476, 0.0239675, 0.0058625], [1, 0, 1, 1], [0, 1, 0.00015229, 0.0616572]], "gen2-raw-d-score": [2.98579e+07, 9.95091e+06, 1.00447e+07, 9.48765e+06, 9.48712e+06, 2.98891e+07, 2.98579e+07, 6.63378e+06], "gen2-norm-d-score": [2.00095, 1.4104, 1.29258, 1.29731, 1.29731, 1.91972, 2.00095, 1.0019], "gen2-sparsity": 6.65858e+13, "gen2-raw-winner": [1.21569e+07, 149, 2.42228e+07, 1.0628e+07], "gen2-norm-winner": [1, 0, 1, 1], "gen2-winner-raw-d-score": 2.98579e+07, "gen2-winner-norm-d-score": 2.00095, "gen2-time": 14521, "gen3-front": [[1.21569e+07, 149, 2.42228e+07, 1.0628e+07], [2.91626e+06, 462, 4.70379e+06, 3.65744e+06], [3.18197e+06, 459, 5.88663e+06, 3.19941e+06], [2.91626e+06, 462, 4.70379e+06, 3.65744e+06], [2.92328e+06, 461, 4.70082e+06, 3.67295e+06], [2.93938e+06, 408, 5.1701e+06, 3.24219e+06], [2.93926e+06, 408, 5.16871e+06, 3.24296e+06], [1.21569e+07, 149, 2.42228e+07, 1.0628e+07], [2.91626e+06, 462, 4.70379e+06, 3.65744e+06], [2.94096e+06, 408, 5.16614e+06, 3.24061e+06]], "gen3-norm-front": [[1, 0, 1, 1], [0, 1, 0.00015229, 0.0616572], [0.0287542, 0.990415, 0.0607422, 0], [0, 1, 0.00015229, 0.0616572], [0.000759818, 0.996805, 0, 0.0637461], [0.00250122, 0.827476, 0.0240388, 0.00575925], [0.00248907, 0.827476, 0.0239675, 0.0058625], [1, 0, 1, 1], [0, 1, 0.00015229, 0.0616572], [0.00267242, 0.827476, 0.0238357, 0.00554575]], "gen3-raw-d-score": [3.0027e+07, 1.03694e+07, 1.03714e+07, 9.83773e+06, 9.93251e+06, 1.54772e+07, 3.00311e+07, 3.00024e+07, 9.47876e+06, 6.77051e+06], "gen3-norm-d-score": [2.23283, 1.72894, 1.7271, 1.63897, 1.53875, 1.5397, 2.16456, 2.1653, 1.29966, 0.827842], "gen3-sparsity": 5.17886e+13, "gen3-raw-winner": [1.21569e+07, 149, 2.42228e+07, 1.0628e+07], "gen3-norm-winner": [1, 0, 1, 1], "gen3-winner-raw-d-score": 3.00024e+07, "gen3-winner-norm-d-score": 2.1653, "gen3-time": 14483, "gen4-front": [[1.21569e+07, 149, 2.42228e+07, 1.0628e+07], [2.91626e+06, 462, 4.70379e+06, 3.65744e+06], [3.18197e+06, 459, 5.88663e+06, 3.19941e+06], [2.93938e+06, 408, 5.1701e+06, 3.24219e+06], [2.92328e+06, 461, 4.70082e+06, 3.67295e+06], [2.93926e+06, 408, 5.16871e+06, 3.24296e+06], [2.94096e+06, 408, 5.16614e+06, 3.24061e+06], [1.21569e+07, 149, 2.42228e+07, 1.0628e+07], [2.91626e+06, 462, 4.70379e+06, 3.65744e+06]], "gen4-norm-front": [[1, 0, 1, 1], [0, 1, 0.00015229, 0.0616572], [0.0287542, 0.990415, 0.0607422, 0], [0.00250122, 0.827476, 0.0240388, 0.00575925], [0.000759818, 0.996805, 0, 0.0637461], [0.00248907, 0.827476, 0.0239675, 0.0058625], [0.00267242, 0.827476, 0.0238357, 0.00554575], [1, 0, 1, 1], [0, 1, 0.00015229, 0.0616572]], "gen4-raw-d-score": [3.0027e+07, 1.0376e+07, 1.04614e+07, 9.93251e+06, 9.93251e+06, 1.54758e+07, 3.00305e+07, 2.98579e+07, 6.63378e+06], "gen4-norm-d-score": [2.00116, 1.41041, 1.29258, 1.29731, 1.29731, 1.53969, 1.91972, 2.00095, 1.0019], "gen4-sparsity": 5.82622e+13, "gen4-raw-winner": [1.21569e+07, 149, 2.42228e+07, 1.0628e+07], "gen4-norm-winner": [1, 0, 1, 1], "gen4-winner-raw-d-score": 2.98579e+07, "gen4-winner-norm-d-score": 2.00095, "gen4-time": 14468, "gen5-front": [[1.21569e+07, 149, 2.42228e+07, 1.0628e+07], [3.18197e+06, 459, 5.88663e+06, 3.19941e+06], [2.91626e+06, 462, 4.70379e+06, 3.65744e+06], [2.93938e+06, 408, 5.1701e+06, 3.24219e+06], [2.92328e+06, 461, 4.70082e+06, 3.67295e+06], [2.93926e+06, 408, 5.16871e+06, 3.24296e+06], [2.94096e+06, 408, 5.16614e+06, 3.24061e+06], [1.21569e+07, 149, 2.42228e+07, 1.0628e+07], [2.91626e+06, 462, 4.70379e+06, 3.65744e+06]], "gen5-norm-front": [[1, 0, 1, 1], [0.0287542, 0.990415, 0.0607422, 0], [0, 1, 0.00015229, 0.0616572], [0.00250122, 0.827476, 0.0240388, 0.00575925], [0.000759818, 0.996805, 0, 0.0637461], [0.00248907, 0.827476, 0.0239675, 0.0058625], [0.00267242, 0.827476, 0.0238357, 0.00554575], [1, 0, 1, 1], [0, 1, 0.00015229, 0.0616572]], "gen5-raw-d-score": [3.01829e+07, 1.0376e+07, 9.92141e+06, 9.93251e+06, 9.93251e+06, 1.54758e+07, 3.00305e+07, 2.98579e+07, 6.63378e+06], "gen5-norm-d-score": [1.99636, 1.41041, 1.29967, 1.29731, 1.29731, 1.53969, 1.91972, 2.00095, 1.0019], "gen5-sparsity": 5.82622e+13, "gen5-raw-winner": [1.21569e+07, 149, 2.42228e+07, 1.0628e+07], "gen5-norm-winner": [1, 0, 1, 1], "gen5-winner-raw-d-score": 3.01829e+07, "gen5-winner-norm-d-score": 1.99636, "gen5-time": 14488}, {"source": 69464, "target": 58822, "gen0-front": [[2.1026e+06, 182, 3.36748e+06, 2.63904e+06], [9.00665e+06, 0, 1.79052e+07, 7.94169e+06], [2.10435e+06, 186, 3.35909e+06, 2.65214e+06], [2.16825e+06, 160, 3.59762e+06, 2.5907e+06], [2.1026e+06, 182, 3.36748e+06, 2.63904e+06], [2.11521e+06, 166, 3.43725e+06, 2.60941e+06], [2.1026e+06, 182, 3.36748e+06, 2.63904e+06]], "gen0-norm-front": [[0, 0.978495, 0.000577128, 0.00903552], [1, 0, 1, 1], [0.000253267, 1, 0, 0.0114831], [0.00950842, 0.860215, 0.0163986, 0], [0, 0.978495, 0.000577128, 0.00903552], [0.00182612, 0.892473, 0.00537338, 0.00349748], [0, 0.978495, 0.000577128, 0.00903552]], "gen0-raw-d-score": [2.0602e+07, 2.19203e+07, 6.3553e+06, 6.33378e+06, 6.24614e+06, 6.23367e+06, 4.76712e+06], "gen0-norm-d-score": [1.71975, 2, 1.31927, 1.30299, 1.32441, 1.32439, 0.978537], "gen0-sparsity": 4.6581e+13, "gen0-raw-winner": [9.00665e+06, 0, 1.79052e+07, 7.94169e+06], "gen0-norm-winner": [1, 0, 1, 1], "gen0-winner-naw-d-score": 2.19203e+07, "gen0-winner-norm-d-score": 2, "gen0-time": 15114, "gen1-front": [[9.00665e+06, 0, 1.79052e+07, 7.94169e+06], [2.1026e+06, 182, 3.36748e+06, 2.63904e+06], [2.10435e+06, 186, 3.35909e+06, 2.65214e+06], [2.1026e+06, 182, 3.36748e+06, 2.63904e+06], [2.16825e+06, 160, 3.59762e+06, 2.5907e+06], [2.11521e+06, 166, 3.43725e+06, 2.60941e+06], [9.00665e+06, 0, 1.79052e+07, 7.94169e+06], [2.1026e+06, 182, 3.36748e+06, 2.63904e+06]], "gen1-norm-front": [[1, 0, 1, 1], [0, 0.978495, 0.000577128, 0.00903552], [0.000253267, 1, 0, 0.0114831], [0, 0.978495, 0.000577128, 0.00903552], [0.00950842, 0.860215, 0.0163986, 0], [0.00182612, 0.892473, 0.00537338, 0.00349748], [1, 0, 1, 1], [0, 0.978495, 0.000577128, 0.00903552]], "gen1-raw-d-score": [2.20797e+07, 6.74322e+06, 6.74322e+06, 6.86158e+06, 6.88867e+06, 2.20881e+07, 2.20797e+07, 4.76712e+06], "gen1-norm-d-score": [1.98936, 1.39917, 1.39917, 1.30302, 1.23971, 1.94847, 1.98936, 0.978537], "gen1-sparsity": 3.99266e+13, "gen1-raw-winner": [9.00665e+06, 0, 1.79052e+07, 7.94169e+06], "gen1-norm-winner": [1, 0, 1, 1], "gen1-winner-raw-d-score": 2.20797e+07, "gen1-winner-norm-d-score": 1.98936, "gen1-time": 14177, "gen2-front": [[9.00665e+06, 0, 1.79052e+07, 7.94169e+06], [2.1026e+06, 182, 3.36748e+06, 2.63904e+06], [2.10435e+06, 186, 3.35909e+06, 2.65214e+06], [2.16825e+06, 160, 3.59762e+06, 2.5907e+06], [2.11521e+06, 166, 3.43725e+06, 2.60941e+06], [9.00665e+06, 0, 1.79052e+07, 7.94169e+06], [2.1026e+06, 182, 3.36748e+06, 2.63904e+06], [2.10338e+06, 189, 3.3591e+06, 2.65215e+06], [2.1026e+06, 182, 3.36748e+06, 2.63904e+06]], "gen2-norm-front": [[1, 0, 1, 1], [0, 0.962963, 0.000577128, 0.00903552], [0.000253267, 0.984127, 0, 0.0114831], [0.00950842, 0.846561, 0.0163986, 0], [0.00182612, 0.878307, 0.00537338, 0.00349748], [1, 0, 1, 1], [0, 0.962963, 0.000577128, 0.00903552], [0.000113375, 1, 4.81227e-07, 0.0114844], [0, 0.962963, 0.000577128, 0.00903552]], "gen2-raw-d-score": [2.15589e+07, 4.76712e+06, 4.76924e+06, 4.93517e+06, 4.80602e+06, 2.15589e+07, 4.76712e+06, 4.76882e+06, 4.76712e+06], "gen2-norm-d-score": [1.73205, 0.963006, 0.984194, 0.846773, 0.878332, 1.73205, 0.963006, 1.00007, 0.963006], "gen2-sparsity": 3.49358e+13, "gen2-raw-winner": [9.00665e+06, 0, 1.79052e+07, 7.94169e+06], "gen2-norm-winner": [1, 0, 1, 1], "gen2-winner-raw-d-score": 2.15589e+07, "gen2-winner-norm-d-score": 1.73205, "gen2-time": 13084, "gen3-front": [[9.00665e+06, 0, 1.79052e+07, 7.94169e+06], [2.10338e+06, 189, 3.3591e+06, 2.65215e+06], [2.1026e+06, 182, 3.36748e+06, 2.63904e+06], [2.10435e+06, 186, 3.35909e+06, 2.65214e+06], [2.16825e+06, 160, 3.59762e+06, 2.5907e+06], [2.11521e+06, 166, 3.43725e+06, 2.60941e+06], [9.00665e+06, 0, 1.79052e+07, 7.94169e+06], [2.1026e+06, 182, 3.36748e+06, 2.63904e+06], [2.10338e+06, 189, 3.3591e+06, 2.65215e+06]], "gen3-norm-front": [[1, 0, 1, 1], [0.000113375, 1, 4.81227e-07, 0.0114844], [0, 0.962963, 0.000577128, 0.00903552], [0.000253267, 0.984127, 0, 0.0114831], [0.00950842, 0.846561, 0.0163986, 0], [0.00182612, 0.878307, 0.00537338, 0.00349748], [1, 0, 1, 1], [0, 0.962963, 0.000577128, 0.00903552], [0.000113375, 1, 4.81227e-07, 0.0114844]], "gen3-raw-d-score": [2.15589e+07, 4.76882e+06, 4.76712e+06, 4.76924e+06, 4.93517e+06, 4.80602e+06, 2.15589e+07, 4.76712e+06, 4.76882e+06], "gen3-norm-d-score": [1.73205, 1.00007, 2.1026e+06, 0.984194, 0.846773, 0.878332, 1.73205, 0.963006, 1.00007], "gen3-sparsity": 3.49358e+13, "gen3-raw-winner": [9.00665e+06, 0, 1.79052e+07, 7.94169e+06], "gen3-norm-winner": [1, 0, 1, 1], "gen3-winner-raw-d-score": 2.15589e+07, "gen3-winner-norm-d-score": 1.73205, "gen3-time": 13042, "gen4-front": [[9.00665e+06, 0, 1.79052e+07, 7.94169e+06], [2.10338e+06, 189, 3.3591e+06, 2.65215e+06], [2.16825e+06, 160, 3.59762e+06, 2.5907e+06], [2.11521e+06, 166, 3.43725e+06, 2.60941e+06], [2.10435e+06, 186, 3.35909e+06, 2.65214e+06], [2.1026e+06, 182, 3.36748e+06, 2.63904e+06], [9.00665e+06, 0, 1.79052e+07, 7.94169e+06], [2.1026e+06, 182, 3.36748e+06, 2.63904e+06], [2.10338e+06, 189, 3.3591e+06, 2.65215e+06]], "gen4-norm-front": [[1, 0, 1, 1], [0.000113375, 1, 4.81227e-07, 0.0114844], [0.00950842, 0.846561, 0.0163986, 0], [0.00182612, 0.878307, 0.00537338, 0.00349748], [0.000253267, 0.984127, 0, 0.0114831], [0, 0.962963, 0.000577128, 0.00903552], [1, 0, 1, 1], [0, 0.962963, 0.000577128, 0.00903552], [0.000113375, 1, 4.81227e-07, 0.0114844]], "gen4-raw-d-score": [2.21863e+07, 7.18134e+06, 7.20292e+06, 7.08974e+06, 1.12513e+07, 2.21796e+07, 2.21797e+07, 6.74293e+06, 4.76882e+06], "gen4-norm-d-score": [2.00006, 1.3104, 1.22004, 1.31913, 1.70177, 1.98176, 1.98176, 1.38835, 1.00007], "gen4-sparsity": 3.49358e+13, "gen4-raw-winner": [9.00665e+06, 0, 1.79052e+07, 7.94169e+06], "gen4-norm-winner": [1, 0, 1, 1], "gen4-winner-raw-d-score": 2.21797e+07, "gen4-winner-norm-d-score": 1.98176, "gen4-time": 13051, "gen5-front": [[9.00665e+06, 0, 1.79052e+07, 7.94169e+06], [2.10338e+06, 189, 3.3591e+06, 2.65215e+06], [2.16825e+06, 160, 3.59762e+06, 2.5907e+06], [2.11521e+06, 166, 3.43725e+06, 2.60941e+06], [2.10435e+06, 186, 3.35909e+06, 2.65214e+06], [2.1026e+06, 182, 3.36748e+06, 2.63904e+06], [9.00665e+06, 0, 1.79052e+07, 7.94169e+06], [2.1026e+06, 182, 3.36748e+06, 2.63904e+06]], "gen5-norm-front": [[1, 0, 1, 1], [0.000113375, 1, 4.81227e-07, 0.0114844], [0.00950842, 0.846561, 0.0163986, 0], [0.00182612, 0.878307, 0.00537338, 0.00349748], [0.000253267, 0.984127, 0, 0.0114831], [0, 0.962963, 0.000577128, 0.00903552], [1, 0, 1, 1], [0, 0.962963, 0.000577128, 0.00903552]], "gen5-raw-d-score": [2.20801e+07, 6.86276e+06, 6.88867e+06, 6.77078e+06, 6.74322e+06, 2.20797e+07, 2.20797e+07, 4.76712e+06], "gen5-norm-d-score": [2.00003, 1.3104, 1.22004, 1.31913, 1.37696, 1.98176, 1.98176, 0.963006], "gen5-sparsity": 3.99266e+13, "gen5-raw-winner": [9.00665e+06, 0, 1.79052e+07, 7.94169e+06], "gen5-norm-winner": [1, 0, 1, 1], "gen5-winner-raw-d-score": 2.20797e+07, "gen5-winner-norm-d-score": 1.98176, "gen5-time": 13042}, {"source": 192156, "target": 177003, "gen0-front": [[977290, 214, 1.87336e+06, 944940], [1.0166e+06, 200, 1.95748e+06, 953973], [980768, 209, 1.87132e+06, 944123], [1.00116e+06, 206, 1.92267e+06, 942335], [978178, 209, 1.87292e+06, 943458], [977675, 209, 1.87175e+06, 944295]], "gen0-norm-front": [[0, 1, 0.0237111, 0.223836], [1, 0, 1, 1], [0.0884648, 0.642857, 0, 0.153635], [0.607228, 0.428571, 0.59597, 0], [0.0225944, 0.642857, 0.0185813, 0.0964942], [0.00979657, 0.642857, 0.0049906, 0.168414]], "gen0-raw-d-score": [2.52804e+06, 2.59561e+06, 2.52139e+06, 2.55809e+06, 2.51209e+06, 2.31322e+06], "gen0-norm-d-score": [1.43201, 1.84962, 0.998546, 1.1495, 0.914764, 0.664642], "gen0-sparsity": 8.78013e+08, "gen0-raw-winner": [1.0166e+06, 200, 1.95748e+06, 953973], "gen0-norm-winner": [1, 0, 1, 1], "gen0-winner-naw-d-score": 2.59561e+06, "gen0-winner-norm-d-score": 1.84962, "gen0-time": 1653, "gen1-front": [[1.0166e+06, 200, 1.95748e+06, 953973], [977290, 214, 1.87336e+06, 944940], [977675, 209, 1.87175e+06, 944295], [978178, 209, 1.87292e+06, 943458], [980768, 209, 1.87132e+06, 944123], [1.00116e+06, 206, 1.92267e+06, 942335], [1.0166e+06, 200, 1.95748e+06, 953973], [977675, 209, 1.87175e+06, 944295], [978095, 209, 1.87143e+06, 944166], [978599, 209, 1.8726e+06, 943329], [977675, 209, 1.87175e+06, 944295], [978095, 209, 1.87143e+06, 944166], [977675, 209, 1.87175e+06, 944295]], "gen1-norm-front": [[1, 0, 1, 1], [0, 1, 0.0237111, 0.223836], [0.00979657, 0.642857, 0.0049906, 0.168414], [0.0225944, 0.642857, 0.0185813, 0.0964942], [0.0884648, 0.642857, 0, 0.153635], [0.607228, 0.428571, 0.59597, 0], [1, 0, 1, 1], [0.00979657, 0.642857, 0.0049906, 0.168414], [0.020488, 0.642857, 0.00125345, 0.157329], [0.0332858, 0.642857, 0.0148441, 0.0854099], [0.00979657, 0.642857, 0.0049906, 0.168414], [0.020488, 0.642857, 0.00125345, 0.157329], [0.00979657, 0.642857, 0.0049906, 0.168414]], "gen1-raw-d-score": [2.40318e+06, 2.31462e+06, 2.31322e+06, 2.31404e+06, 2.31411e+06, 2.36368e+06, 2.40318e+06, 2.31322e+06, 2.31308e+06, 2.3139e+06, 2.31322e+06, 2.31308e+06, 2.31322e+06], "gen1-norm-d-score": [1.73205, 1.02502, 0.664642, 0.650717, 0.941512, 0.95267, 1.73205, 0.664642, 0.662147, 0.649529, 0.664642, 0.662147, 0.664642], "gen1-sparsity": 3.65607e+08, "gen1-raw-winner": [1.0166e+06, 200, 1.95748e+06, 953973], "gen1-norm-winner": [1, 0, 1, 1], "gen1-winner-raw-d-score": 2.40318e+06, "gen1-winner-norm-d-score": 1.73205, "gen1-time": 1391, "gen2-front": [[1.0166e+06, 200, 1.95748e+06, 953973], [977290, 214, 1.87336e+06, 944940], [977675, 209, 1.87175e+06, 944295], [978178, 209, 1.87292e+06, 943458], [978599, 209, 1.8726e+06, 943329], [978095, 209, 1.87143e+06, 944166], [1.0166e+06, 200, 1.95748e+06, 953973], [977675, 209, 1.87175e+06, 944295], [978095, 209, 1.87143e+06, 944166]], "gen2-norm-front": [[1, 0, 1, 1], [0, 1, 0.0224859, 0.151353], [0.00979657, 0.642857, 0.00374184, 0.0907554], [0.0225944, 0.642857, 0.0173496, 0.0121195], [0.0332858, 0.642857, 0.0136077, 0], [0.020488, 0.642857, 0, 0.0786359], [1, 0, 1, 1], [0.00979657, 0.642857, 0.00374184, 0.0907554], [0.020488, 0.642857, 0, 0.0786359]], "gen2-raw-d-score": [3.47687e+06, 3.41545e+06, 3.41517e+06, 3.41549e+06, 3.42607e+06, 3.47584e+06, 3.47605e+06, 3.27129e+06, 2.31308e+06], "gen2-norm-d-score": [2.00587, 1.2023, 0.914846, 0.910605, 1.35441, 1.84931, 1.84987, 0.917322, 0.647973], "gen2-sparsity": 1.07558e+09, "gen2-raw-winner": [1.0166e+06, 200, 1.95748e+06, 953973], "gen2-norm-winner": [1, 0, 1, 1], "gen2-winner-raw-d-score": 3.47605e+06, "gen2-winner-norm-d-score": 1.84987, "gen2-time": 2424, "gen3-front": [[1.0166e+06, 200, 1.95748e+06, 953973], [977290, 214, 1.87336e+06, 944940], [978178, 209, 1.87292e+06, 943458], [977675, 209, 1.87175e+06, 944295], [978599, 209, 1.8726e+06, 943329], [978095, 209, 1.87143e+06, 944166], [1.0166e+06, 200, 1.95748e+06, 953973], [978095, 209, 1.87143e+06, 944166], [977675, 209, 1.87175e+06, 944295]], "gen3-norm-front": [[1, 0, 1, 1], [0, 1, 0.0224859, 0.151353], [0.0225944, 0.642857, 0.0173496, 0.0121195], [0.00979657, 0.642857, 0.00374184, 0.0907554], [0.0332858, 0.642857, 0.0136077, 0], [0.020488, 0.642857, 0, 0.0786359], [1, 0, 1, 1], [0.020488, 0.642857, 0, 0.0786359], [0.00979657, 0.642857, 0.00374184, 0.0907554]], "gen3-raw-d-score": [2.40318e+06, 2.31462e+06, 2.31404e+06, 2.31322e+06, 2.3139e+06, 2.31308e+06, 2.40318e+06, 2.31308e+06, 2.31322e+06], "gen3-norm-d-score": [1.73205, 1.01164, 0.643602, 0.649316, 0.643862, 0.647973, 1.73205, 0.647973, 0.649316], "gen3-sparsity": 1.07558e+09, "gen3-raw-winner": [1.0166e+06, 200, 1.95748e+06, 953973], "gen3-norm-winner": [1, 0, 1, 1], "gen3-winner-raw-d-score": 2.40318e+06, "gen3-winner-norm-d-score": 1.73205, "gen3-time": 2437, "gen4-front": [[1.0166e+06, 200, 1.95748e+06, 953973], [977290, 214, 1.87336e+06, 944940], [978178, 209, 1.87292e+06, 943458], [978599, 209, 1.8726e+06, 943329], [977675, 209, 1.87175e+06, 944295], [978095, 209, 1.87143e+06, 944166], [1.0166e+06, 200, 1.95748e+06, 953973], [978095, 209, 1.87143e+06, 944166], [977675, 209, 1.87175e+06, 944295]], "gen4-norm-front": [[1, 0, 1, 1], [0, 1, 0.0224859, 0.151353], [0.0225944, 0.642857, 0.0173496, 0.0121195], [0.0332858, 0.642857, 0.0136077, 0], [0.00979657, 0.642857, 0.00374184, 0.0907554], [0.020488, 0.642857, 0, 0.0786359], [1, 0, 1, 1], [0.020488, 0.642857, 0, 0.0786359], [0.00979657, 0.642857, 0.00374184, 0.0907554]], "gen4-raw-d-score": [2.40318e+06, 2.31462e+06, 2.31404e+06, 2.3139e+06, 2.31322e+06, 2.31308e+06, 2.40318e+06, 2.31308e+06, 2.31322e+06], "gen4-norm-d-score": [1.73205, 1.01164, 0.643602, 0.643862, 0.649316, 0.647973, 1.73217, 0.647973, 0.649316], "gen4-sparsity": 1.07558e+09, "gen4-raw-winner": [1.0166e+06, 200, 1.95748e+06, 953973], "gen4-norm-winner": [1, 0, 1, 1], "gen4-winner-raw-d-score": 2.40318e+06, "gen4-winner-norm-d-score": 1.73205, "gen4-time": 2450, "gen5-front": [[1.0166e+06, 200, 1.95748e+06, 953973], [977290, 214, 1.87336e+06, 944940], [978178, 209, 1.87292e+06, 943458], [978599, 209, 1.8726e+06, 943329], [977675, 209, 1.87175e+06, 944295], [978095, 209, 1.87143e+06, 944166], [1.0166e+06, 200, 1.95748e+06, 953973], [978095, 209, 1.87143e+06, 944166], [977675, 209, 1.87175e+06, 944295]], "gen5-norm-front": [[1, 0, 1, 1], [0, 1, 0.0224859, 0.151353], [0.0225944, 0.642857, 0.0173496, 0.0121195], [0.0332858, 0.642857, 0.0136077, 0], [0.00979657, 0.642857, 0.00374184, 0.0907554], [0.020488, 0.642857, 0, 0.0786359], [1, 0, 1, 1], [0.020488, 0.642857, 0, 0.0786359], [0.00979657, 0.642857, 0.00374184, 0.0907554]], "gen5-raw-d-score": [2.40318e+06, 2.31462e+06, 2.31404e+06, 2.3139e+06, 2.31322e+06, 2.31308e+06, 2.40318e+06, 2.31308e+06, 2.31322e+06], "gen5-norm-d-score": [1.73205, 1.01164, 0.643602, 0.643862, 0.649316, 0.647973, 1.73205, 0.647973, 0.649316], "gen5-sparsity": 1.07558e+09, "gen5-raw-winner": [1.0166e+06, 200, 1.95748e+06, 953973], "gen5-norm-winner": [1, 0, 1, 1], "gen5-winner-raw-d-score": 2.40318e+06, "gen5-winner-norm-d-score": 1.73205, "gen5-time": 2437}, {"source": 209893, "target": 416036, "gen0-front": [[540578, 140, 863710, 707457], [2.37737e+06, 26, 4.69583e+06, 2.10162e+06], [548458, 148, 853621, 736029], [707200, 157, 1.33008e+06, 699450], [540603, 140, 863636, 707426], [540578, 140, 863710, 707457], [542201, 146, 856587, 720505], [540603, 140, 863636, 707426]], "gen0-norm-front": [[0, 0.870229, 0.00262583, 0.00571041], [1, 0, 1, 1], [0.00428974, 0.931298, 0, 0.0260873], [0.0907133, 1, 0.124006, 0], [1.33875e-05, 0.870229, 0.00260657, 0.00568831], [0, 0.870229, 0.00262583, 0.00571041], [0.000883558, 0.916031, 0.000771952, 0.015016], [1.33875e-05, 0.870229, 0.00260657, 0.00568831]], "gen0-raw-d-score": [1.24045e+06, 5.66741e+06, 1.25348e+06, 1.66086e+06, 1.24039e+06, 1.24045e+06, 1.24372e+06, 1.24039e+06], "gen0-norm-d-score": [0.870252, 1.73205, 0.931673, 1.01173, 0.870252, 0.870252, 0.916154, 0.870252], "gen0-sparsity": 2.31798e+12, "gen0-raw-winner": [2.37737e+06, 26, 4.69583e+06, 2.10162e+06], "gen0-norm-winner": [1, 0, 1, 1], "gen0-winner-naw-d-score": 5.66741e+06, "gen0-winner-norm-d-score": 1.73205, "gen0-time": 6156, "gen1-front": [[2.37737e+06, 26, 4.69583e+06, 2.10162e+06], [707200, 157, 1.33008e+06, 699450], [548458, 148, 853621, 736029], [542201, 146, 856587, 720505], [540578, 140, 863710, 707457], [540603, 140, 863636, 707426], [2.37737e+06, 26, 4.69583e+06, 2.10162e+06], [540603, 140, 863636, 707426], [540578, 140, 863710, 707457], [540603, 140, 863636, 707426]], "gen1-norm-front": [[1, 0, 1, 1], [0.0907133, 1, 0.124006, 0], [0.00428974, 0.931298, 0, 0.0260873], [0.000883558, 0.916031, 0.000771952, 0.015016], [0, 0.870229, 0.00262583, 0.00571041], [1.33875e-05, 0.870229, 0.00260657, 0.00568831], [1, 0, 1, 1], [1.33875e-05, 0.870229, 0.00260657, 0.00568831], [0, 0.870229, 0.00262583, 0.00571041], [1.33875e-05, 0.870229, 0.00260657, 0.00568831]], "gen1-raw-d-score": [5.93117e+06, 2.15027e+06, 1.8467e+06, 1.83788e+06, 2.95452e+06, 5.82669e+06, 5.82669e+06, 1.83563e+06, 1.75422e+06, 1.24039e+06], "gen1-norm-d-score": [2.21155, 1.65249, 1.56992, 1.53427, 1.58577, 2.12477, 2.12477, 1.50731, 1.23072, 0.870252], "gen1-sparsity": 1.80287e+12, "gen1-raw-winner": [2.37737e+06, 26, 4.69583e+06, 2.10162e+06], "gen1-norm-winner": [1, 0, 1, 1], "gen1-winner-raw-d-score": 5.82669e+06, "gen1-winner-norm-d-score": 2.12477, "gen1-time": 5727, "gen2-front": [[2.37737e+06, 26, 4.69583e+06, 2.10162e+06], [707200, 157, 1.33008e+06, 699450], [548458, 148, 853621, 736029], [542201, 146, 856587, 720505], [540578, 140, 863710, 707457], [540603, 140, 863636, 707426], [2.37737e+06, 26, 4.69583e+06, 2.10162e+06], [540603, 140, 863636, 707426]], "gen2-norm-front": [[1, 0, 1, 1], [0.0907133, 1, 0.124006, 0], [0.00428974, 0.931298, 0, 0.0260873], [0.000883558, 0.916031, 0.000771952, 0.015016], [0, 0.870229, 0.00262583, 0.00571041], [1.33875e-05, 0.870229, 0.00260657, 0.00568831], [1, 0, 1, 1], [1.33875e-05, 0.870229, 0.00260657, 0.00568831]], "gen2-raw-d-score": [5.90576e+06, 2.08079e+06, 1.7658e+06, 1.75658e+06, 1.75422e+06, 5.80156e+06, 5.80156e+06, 1.24039e+06], "gen2-norm-d-score": [2.00589, 1.37536, 1.30666, 1.2636, 1.23072, 1.93839, 1.93839, 0.870252], "gen2-sparsity": 2.31798e+12, "gen2-raw-winner": [2.37737e+06, 26, 4.69583e+06, 2.10162e+06], "gen2-norm-winner": [1, 0, 1, 1], "gen2-winner-raw-d-score": 5.80156e+06, "gen2-winner-norm-d-score": 1.93839, "gen2-time": 5341, "gen3-front": [[2.37737e+06, 26, 4.69583e+06, 2.10162e+06], [707200, 157, 1.33008e+06, 699450], [548458, 148, 853621, 736029], [542201, 146, 856587, 720505], [540603, 140, 863636, 707426], [540578, 140, 863710, 707457], [540603, 140, 863636, 707426], [2.37737e+06, 26, 4.69583e+06, 2.10162e+06], [540603, 140, 863636, 707426]], "gen3-norm-front": [[1, 0, 1, 1], [0.0907133, 1, 0.124006, 0], [0.00428974, 0.931298, 0, 0.0260873], [0.000883558, 0.916031, 0.000771952, 0.015016], [1.33875e-05, 0.870229, 0.00260657, 0.00568831], [0, 0.870229, 0.00262583, 0.00571041], [1.33875e-05, 0.870229, 0.00260657, 0.00568831], [1, 0, 1, 1], [1.33875e-05, 0.870229, 0.00260657, 0.00568831]], "gen3-raw-d-score": [5.93117e+06, 2.15027e+06, 1.8467e+06, 1.83784e+06, 1.83563e+06, 2.95452e+06, 5.82669e+06, 5.80156e+06, 1.24039e+06], "gen3-norm-d-score": [2.0059, 1.37536, 1.30666, 1.2636, 1.23072, 1.58577, 1.93839, 1.93839, 0.870252], "gen3-sparsity": 2.02823e+12, "gen3-raw-winner": [2.37737e+06, 26, 4.69583e+06, 2.10162e+06], "gen3-norm-winner": [1, 0, 1, 1], "gen3-winner-raw-d-score": 5.80156e+06, "gen3-winner-norm-d-score": 1.93839, "gen3-time": 5340, "gen4-front": [[2.37737e+06, 26, 4.69583e+06, 2.10162e+06], [707200, 157, 1.33008e+06, 699450], [548458, 148, 853621, 736029], [542201, 146, 856587, 720505], [540603, 140, 863636, 707426], [540578, 140, 863710, 707457], [2.37737e+06, 26, 4.69583e+06, 2.10162e+06], [540603, 140, 863636, 707426]], "gen4-norm-front": [[1, 0, 1, 1], [0.0907133, 1, 0.124006, 0], [0.00428974, 0.931298, 0, 0.0260873], [0.000883558, 0.916031, 0.000771952, 0.015016], [1.33875e-05, 0.870229, 0.00260657, 0.00568831], [0, 0.870229, 0.00262583, 0.00571041], [1, 0, 1, 1], [1.33875e-05, 0.870229, 0.00260657, 0.00568831]], "gen4-raw-d-score": [5.90576e+06, 2.08079e+06, 1.7658e+06, 1.75654e+06, 1.75422e+06, 5.80157e+06, 5.80156e+06, 1.24039e+06], "gen4-norm-d-score": [2.00589, 1.37536, 1.30666, 1.2636, 1.23072, 1.93839, 1.93839, 0.870252], "gen4-sparsity": 2.31798e+12, "gen4-raw-winner": [2.37737e+06, 26, 4.69583e+06, 2.10162e+06], "gen4-norm-winner": [1, 0, 1, 1], "gen4-winner-raw-d-score": 5.80156e+06, "gen4-winner-norm-d-score": 1.93839, "gen4-time": 5311, "gen5-front": [[2.37737e+06, 26, 4.69583e+06, 2.10162e+06], [707200, 157, 1.33008e+06, 699450], [548458, 148, 853621, 736029], [542201, 146, 856587, 720505], [540603, 140, 863636, 707426], [540578, 140, 863710, 707457], [2.37737e+06, 26, 4.69583e+06, 2.10162e+06], [540603, 140, 863636, 707426], [542201, 146, 856587, 720505]], "gen5-norm-front": [[1, 0, 1, 1], [0.0907133, 1, 0.124006, 0], [0.00428974, 0.931298, 0, 0.0260873], [0.000883558, 0.916031, 0.000771952, 0.015016], [1.33875e-05, 0.870229, 0.00260657, 0.00568831], [0, 0.870229, 0.00262583, 0.00571041], [1, 0, 1, 1], [1.33875e-05, 0.870229, 0.00260657, 0.00568831], [0.000883558, 0.916031, 0.000771952, 0.015016]], "gen5-raw-d-score": [5.93117e+06, 2.15027e+06, 1.8467e+06, 1.83784e+06, 2.95452e+06, 5.82671e+06, 5.82684e+06, 1.75654e+06, 1.24372e+06], "gen5-norm-d-score": [2.0059, 1.37536, 1.30666, 1.2636, 1.58577, 1.93839, 1.93839, 1.2636, 0.916154], "gen5-sparsity": 2.02823e+12, "gen5-raw-winner": [2.37737e+06, 26, 4.69583e+06, 2.10162e+06], "gen5-norm-winner": [1, 0, 1, 1], "gen5-winner-raw-d-score": 5.82684e+06, "gen5-winner-norm-d-score": 1.93839, "gen5-time": 5352}, {"source": 326767, "target": 388464, "gen0-front": [[2.38372e+06, 432, 3.96986e+06, 2.87608e+06], [3.47607e+06, 260, 6.90653e+06, 3.08479e+06], [2.38372e+06, 432, 3.96986e+06, 2.87608e+06], [2.56201e+06, 298, 4.82893e+06, 2.53265e+06], [2.38372e+06, 432, 3.96986e+06, 2.87608e+06], [2.44293e+06, 355, 4.4337e+06, 2.60646e+06], [2.38372e+06, 432, 3.96986e+06, 2.87608e+06], [2.44331e+06, 353, 4.43204e+06, 2.60579e+06], [2.38372e+06, 432, 3.96986e+06, 2.87608e+06]], "gen0-norm-front": [[0, 1, 0, 0.622003], [1, 0, 1, 1], [0, 1, 0, 0.622003], [0.163217, 0.22093, 0.292533, 0], [0, 1, 0, 0.622003], [0.0542029, 0.552326, 0.157949, 0.13367], [0, 1, 0, 0.622003], [0.0545524, 0.540698, 0.157385, 0.132469], [0, 1, 0, 0.622003]], "gen0-raw-d-score": [5.45103e+06, 8.32461e+06, 9.95052e+06, 6.02468e+06, 5.45103e+06, 5.69379e+06, 5.45103e+06, 5.69236e+06, 5.45103e+06], "gen0-norm-d-score": [1.17766, 2.09449, 1.17766, 0.40128, 1.17766, 0.592298, 1.17766, 0.581075, 1.17766], "gen0-sparsity": 7.07618e+11, "gen0-raw-winner": [3.47607e+06, 260, 6.90653e+06, 3.08479e+06], "gen0-norm-winner": [1, 0, 1, 1], "gen0-winner-naw-d-score": 8.32461e+06, "gen0-winner-norm-d-score": 2.09449, "gen0-time": 5320, "gen1-front": [[3.47607e+06, 260, 6.90653e+06, 3.08479e+06], [2.38372e+06, 432, 3.96986e+06, 2.87608e+06], [2.44293e+06, 355, 4.4337e+06, 2.60646e+06], [2.56201e+06, 298, 4.82893e+06, 2.53265e+06], [2.44331e+06, 353, 4.43204e+06, 2.60579e+06], [3.47607e+06, 260, 6.90653e+06, 3.08479e+06], [2.38372e+06, 432, 3.96986e+06, 2.87608e+06]], "gen1-norm-front": [[1, 0, 1, 1], [0, 1, 0, 0.622003], [0.0542029, 0.552326, 0.157949, 0.13367], [0.163217, 0.22093, 0.292533, 0], [0.0545524, 0.540698, 0.157385, 0.132469], [1, 0, 1, 1], [0, 1, 0, 0.622003]], "gen1-raw-d-score": [9.52581e+06, 7.43904e+06, 7.89314e+06, 7.86826e+06, 9.60136e+06, 9.52581e+06, 5.45103e+06], "gen1-norm-d-score": [2, 1.31143, 0.715432, 0.693632, 1.52894, 2, 1.17766], "gen1-sparsity": 9.4349e+11, "gen1-raw-winner": [3.47607e+06, 260, 6.90653e+06, 3.08479e+06], "gen1-norm-winner": [1, 0, 1, 1], "gen1-winner-raw-d-score": 9.52581e+06, "gen1-winner-norm-d-score": 2, "gen1-time": 5060, "gen2-front": [[3.47607e+06, 260, 6.90653e+06, 3.08479e+06], [2.38372e+06, 432, 3.96986e+06, 2.87608e+06], [2.44293e+06, 355, 4.4337e+06, 2.60646e+06], [2.56201e+06, 298, 4.82893e+06, 2.53265e+06], [2.44331e+06, 353, 4.43204e+06, 2.60579e+06], [3.47607e+06, 260, 6.90653e+06, 3.08479e+06], [2.38372e+06, 432, 3.96986e+06, 2.87608e+06]], "gen2-norm-front": [[1, 0, 1, 1], [0, 1, 0, 0.622003], [0.0542029, 0.552326, 0.157949, 0.13367], [0.163217, 0.22093, 0.292533, 0], [0.0545524, 0.540698, 0.157385, 0.132469], [1, 0, 1, 1], [0, 1, 0, 0.622003]], "gen2-raw-d-score": [9.52581e+06, 7.43904e+06, 7.89314e+06, 7.86826e+06, 9.60136e+06, 9.52581e+06, 5.45103e+06], "gen2-norm-d-score": [2, 1.31143, 0.715432, 0.693632, 1.52894, 2, 1.17766], "gen2-sparsity": 9.4349e+11, "gen2-raw-winner": [3.47607e+06, 260, 6.90653e+06, 3.08479e+06], "gen2-norm-winner": [1, 0, 1, 1], "gen2-winner-raw-d-score": 9.52581e+06, "gen2-winner-norm-d-score": 2, "gen2-time": 4681, "gen3-front": [[3.47607e+06, 260, 6.90653e+06, 3.08479e+06], [2.38372e+06, 432, 3.96986e+06, 2.87608e+06], [2.44293e+06, 355, 4.4337e+06, 2.60646e+06], [2.56201e+06, 298, 4.82893e+06, 2.53265e+06], [2.44331e+06, 353, 4.43204e+06, 2.60579e+06], [3.47607e+06, 260, 6.90653e+06, 3.08479e+06], [2.38372e+06, 432, 3.96986e+06, 2.87608e+06], [2.44331e+06, 353, 4.43204e+06, 2.60579e+06], [2.38372e+06, 432, 3.96986e+06, 2.87608e+06]], "gen3-norm-front": [[1, 0, 1, 1], [0, 1, 0, 0.622003], [0.0542029, 0.552326, 0.157949, 0.13367], [0.163217, 0.22093, 0.292533, 0], [0.0545524, 0.540698, 0.157385, 0.132469], [1, 0, 1, 1], [0, 1, 0, 0.622003], [0.0545524, 0.540698, 0.157385, 0.132469], [0, 1, 0, 0.622003]], "gen3-raw-d-score": [8.32461e+06, 7.88141e+06, 5.69379e+06, 6.02468e+06, 5.69236e+06, 8.67576e+06, 5.45103e+06, 5.69236e+06, 5.45103e+06], "gen3-norm-d-score": [1.73205, 1.17766, 0.592298, 0.40128, 1.31322, 1.73205, 1.17766, 0.581075, 1.17766], "gen3-sparsity": 7.07618e+11, "gen3-raw-winner": [3.47607e+06, 260, 6.90653e+06, 3.08479e+06], "gen3-norm-winner": [1, 0, 1, 1], "gen3-winner-raw-d-score": 8.32461e+06, "gen3-winner-norm-d-score": 1.73205, "gen3-time": 4662, "gen4-front": [[3.47607e+06, 260, 6.90653e+06, 3.08479e+06], [2.38372e+06, 432, 3.96986e+06, 2.87608e+06], [2.44293e+06, 355, 4.4337e+06, 2.60646e+06], [2.44331e+06, 353, 4.43204e+06, 2.60579e+06], [2.56201e+06, 298, 4.82893e+06, 2.53265e+06], [3.47607e+06, 260, 6.90653e+06, 3.08479e+06], [2.38372e+06, 432, 3.96986e+06, 2.87608e+06]], "gen4-norm-front": [[1, 0, 1, 1], [0, 1, 0, 0.622003], [0.0542029, 0.552326, 0.157949, 0.13367], [0.0545524, 0.540698, 0.157385, 0.132469], [0.163217, 0.22093, 0.292533, 0], [1, 0, 1, 1], [0, 1, 0, 0.622003]], "gen4-raw-d-score": [9.52581e+06, 7.43904e+06, 7.61787e+06, 7.89211e+06, 9.80204e+06, 9.52581e+06, 5.45103e+06], "gen4-norm-d-score": [2, 1.31143, 0.819095, 0.706168, 1.47004, 2, 1.17766], "gen4-sparsity": 9.4349e+11, "gen4-raw-winner": [3.47607e+06, 260, 6.90653e+06, 3.08479e+06], "gen4-norm-winner": [1, 0, 1, 1], "gen4-winner-raw-d-score": 9.52581e+06, "gen4-winner-norm-d-score": 2, "gen4-time": 4635, "gen5-front": [[3.47607e+06, 260, 6.90653e+06, 3.08479e+06], [2.38372e+06, 432, 3.96986e+06, 2.87608e+06], [2.44293e+06, 355, 4.4337e+06, 2.60646e+06], [2.56201e+06, 298, 4.82893e+06, 2.53265e+06], [2.44331e+06, 353, 4.43204e+06, 2.60579e+06], [3.47607e+06, 260, 6.90653e+06, 3.08479e+06], [2.38372e+06, 432, 3.96986e+06, 2.87608e+06], [2.44331e+06, 353, 4.43204e+06, 2.60579e+06]], "gen5-norm-front": [[1, 0, 1, 1], [0, 1, 0, 0.622003], [0.0542029, 0.552326, 0.157949, 0.13367], [0.163217, 0.22093, 0.292533, 0], [0.0545524, 0.540698, 0.157385, 0.132469], [1, 0, 1, 1], [0, 1, 0, 0.622003], [0.0545524, 0.540698, 0.157385, 0.132469]], "gen5-raw-d-score": [8.32461e+06, 5.45103e+06, 7.88245e+06, 6.02468e+06, 5.69236e+06, 8.32461e+06, 5.45103e+06, 5.69236e+06], "gen5-norm-d-score": [1.73205, 1.17766, 0.592298, 0.40128, 0.581075, 1.73205, 1.17766, 0.581075], "gen5-sparsity": 8.08706e+11, "gen5-raw-winner": [3.47607e+06, 260, 6.90653e+06, 3.08479e+06], "gen5-norm-winner": [1, 0, 1, 1], "gen5-winner-raw-d-score": 8.32461e+06, "gen5-winner-norm-d-score": 1.73205, "gen5-time": 4687}, {"source": 244506, "target": 398590, "gen0-front": [[3.87585e+06, 727, 6.44158e+06, 4.68507e+06], [9.40043e+06, 448, 1.87459e+07, 8.21403e+06], [3.92136e+06, 825, 6.41897e+06, 4.81366e+06], [4.47297e+06, 1217, 8.395e+06, 4.40471e+06], [3.87585e+06, 727, 6.44158e+06, 4.68507e+06]], "gen0-norm-front": [[0, 0.362809, 0.00183396, 0.0735972], [1, 0, 1, 1], [0.00823631, 0.490247, 0, 0.107354], [0.108083, 1, 0.160302, 0], [0, 0.362809, 0.00183396, 0.0735972]], "gen0-raw-d-score": [1.29164e+07, 2.28609e+07, 9.98794e+06, 1.11762e+07, 8.85811e+06], "gen0-norm-d-score": [1.06633, 1.73207, 0.513436, 1.01852, 0.370203], "gen0-sparsity": 3.68002e+13, "gen0-raw-winner": [9.40043e+06, 448, 1.87459e+07, 8.21403e+06], "gen0-norm-winner": [1, 0, 1, 1], "gen0-winner-naw-d-score": 2.28609e+07, "gen0-winner-norm-d-score": 1.73207, "gen0-time": 10144, "gen1-front": [[9.40043e+06, 448, 1.87459e+07, 8.21403e+06], [4.47297e+06, 1217, 8.395e+06, 4.40471e+06], [3.92136e+06, 825, 6.41897e+06, 4.81366e+06], [3.87585e+06, 727, 6.44158e+06, 4.68507e+06], [9.40043e+06, 448, 1.87459e+07, 8.21403e+06], [3.87585e+06, 727, 6.44158e+06, 4.68507e+06], [3.87632e+06, 727, 6.44359e+06, 4.68429e+06], [3.87585e+06, 727, 6.44158e+06, 4.68507e+06]], "gen1-norm-front": [[1, 0, 1, 1], [0.108083, 1, 0.160302, 0], [0.00823631, 0.490247, 0, 0.107354], [0, 0.362809, 0.00183396, 0.0735972], [1, 0, 1, 1], [0, 0.362809, 0.00183396, 0.0735972], [8.45553e-05, 0.362809, 0.0019971, 0.0733933], [0, 0.362809, 0.00183396, 0.0735972]], "gen1-raw-d-score": [2.48421e+07, 1.37709e+07, 1.25785e+07, 2.42015e+07, 2.42015e+07, 1.25281e+07, 1.25281e+07, 8.85811e+06], "gen1-norm-d-score": [2.00932, 1.13548, 0.623687, 1.77117, 1.77117, 0.523518, 0.523518, 0.370203], "gen1-sparsity": 2.10275e+13, "gen1-raw-winner": [9.40043e+06, 448, 1.87459e+07, 8.21403e+06], "gen1-norm-winner": [1, 0, 1, 1], "gen1-winner-raw-d-score": 2.42015e+07, "gen1-winner-norm-d-score": 1.77117, "gen1-time": 9495, "gen2-front": [[9.40043e+06, 448, 1.87459e+07, 8.21403e+06], [4.47297e+06, 1217, 8.395e+06, 4.40471e+06], [3.92136e+06, 825, 6.41897e+06, 4.81366e+06], [3.87585e+06, 727, 6.44158e+06, 4.68507e+06], [3.87632e+06, 727, 6.44359e+06, 4.68429e+06], [9.40043e+06, 448, 1.87459e+07, 8.21403e+06], [3.87585e+06, 727, 6.44158e+06, 4.68507e+06]], "gen2-norm-front": [[1, 0, 1, 1], [0.108083, 1, 0.160302, 0], [0.00823631, 0.490247, 0, 0.107354], [0, 0.362809, 0.00183396, 0.0735972], [8.45553e-05, 0.362809, 0.0019971, 0.0733933], [1, 0, 1, 1], [0, 0.362809, 0.00183396, 0.0735972]], "gen2-raw-d-score": [2.44485e+07, 1.29021e+07, 1.16734e+07, 1.16195e+07, 2.27654e+07, 2.37437e+07, 8.85811e+06], "gen2-norm-d-score": [2.00932, 1.13039, 0.619329, 0.518348, 1.46186, 1.76964, 0.370203], "gen2-sparsity": 2.45321e+13, "gen2-raw-winner": [9.40043e+06, 448, 1.87459e+07, 8.21403e+06], "gen2-norm-winner": [1, 0, 1, 1], "gen2-winner-raw-d-score": 2.37437e+07, "gen2-winner-norm-d-score": 1.76964, "gen2-time": 9468, "gen3-front": [[9.40043e+06, 448, 1.87459e+07, 8.21403e+06], [4.47297e+06, 1217, 8.395e+06, 4.40471e+06], [3.92136e+06, 825, 6.41897e+06, 4.81366e+06], [3.87585e+06, 727, 6.44158e+06, 4.68507e+06], [3.87632e+06, 727, 6.44359e+06, 4.68429e+06], [9.40043e+06, 448, 1.87459e+07, 8.21403e+06], [3.87585e+06, 727, 6.44158e+06, 4.68507e+06]], "gen3-norm-front": [[1, 0, 1, 1], [0.108083, 1, 0.160302, 0], [0.00823631, 0.490247, 0, 0.107354], [0, 0.362809, 0.00183396, 0.0735972], [8.45553e-05, 0.362809, 0.0019971, 0.0733933], [1, 0, 1, 1], [0, 0.362809, 0.00183396, 0.0735972]], "gen3-raw-d-score": [2.44485e+07, 1.29021e+07, 1.16734e+07, 1.16195e+07, 2.27654e+07, 2.37437e+07, 8.85811e+06], "gen3-norm-d-score": [2.00932, 1.13039, 0.619329, 0.518348, 1.46186, 1.76964, 0.370203], "gen3-sparsity": 2.45321e+13, "gen3-raw-winner": [9.40043e+06, 448, 1.87459e+07, 8.21403e+06], "gen3-norm-winner": [1, 0, 1, 1], "gen3-winner-raw-d-score": 2.37437e+07, "gen3-winner-norm-d-score": 1.76964, "gen3-time": 9480, "gen4-front": [[9.40043e+06, 448, 1.87459e+07, 8.21403e+06], [4.47297e+06, 1217, 8.395e+06, 4.40471e+06], [3.92136e+06, 825, 6.41897e+06, 4.81366e+06], [3.87585e+06, 727, 6.44158e+06, 4.68507e+06], [3.87632e+06, 727, 6.44359e+06, 4.68429e+06], [9.40043e+06, 448, 1.87459e+07, 8.21403e+06], [3.87585e+06, 727, 6.44158e+06, 4.68507e+06]], "gen4-norm-front": [[1, 0, 1, 1], [0.108083, 1, 0.160302, 0], [0.00823631, 0.490247, 0, 0.107354], [0, 0.362809, 0.00183396, 0.0735972], [8.45553e-05, 0.362809, 0.0019971, 0.0733933], [1, 0, 1, 1], [0, 0.362809, 0.00183396, 0.0735972]], "gen4-raw-d-score": [2.44485e+07, 1.29021e+07, 1.16734e+07, 1.16195e+07, 2.27654e+07, 2.37437e+07, 8.85811e+06], "gen4-norm-d-score": [2.00932, 1.13039, 0.619329, 0.518348, 1.46186, 1.76964, 0.370203], "gen4-sparsity": 2.45321e+13, "gen4-raw-winner": [9.40043e+06, 448, 1.87459e+07, 8.21403e+06], "gen4-norm-winner": [1, 0, 1, 1], "gen4-winner-raw-d-score": 2.37437e+07, "gen4-winner-norm-d-score": 1.76964, "gen4-time": 9518, "gen5-front": [[9.40043e+06, 448, 1.87459e+07, 8.21403e+06], [4.47297e+06, 1217, 8.395e+06, 4.40471e+06], [3.92136e+06, 825, 6.41897e+06, 4.81366e+06], [3.87585e+06, 727, 6.44158e+06, 4.68507e+06], [3.87632e+06, 727, 6.44359e+06, 4.68429e+06], [9.40043e+06, 448, 1.87459e+07, 8.21403e+06], [3.87585e+06, 727, 6.44158e+06, 4.68507e+06]], "gen5-norm-front": [[1, 0, 1, 1], [0.108083, 1, 0.160302, 0], [0.00823631, 0.490247, 0, 0.107354], [0, 0.362809, 0.00183396, 0.0735972], [8.45553e-05, 0.362809, 0.0019971, 0.0733933], [1, 0, 1, 1], [0, 0.362809, 0.00183396, 0.0735972]], "gen5-raw-d-score": [2.44485e+07, 1.29021e+07, 1.16734e+07, 1.16195e+07, 2.27654e+07, 2.37437e+07, 8.85811e+06], "gen5-norm-d-score": [2.00932, 1.13039, 0.619329, 0.518348, 1.46186, 1.76964, 0.370203], "gen5-sparsity": 2.45321e+13, "gen5-raw-wi