{"data": [{"source": 192501, "target": 10962, "gen0-front": [[2.91626e+06, 462, 4.70379e+06, 3.65744e+06], [1.21569e+07, 149, 2.42228e+07, 1.0628e+07], [2.92328e+06, 461, 4.70082e+06, 3.67295e+06], [3.18197e+06, 459, 5.88663e+06, 3.19941e+06], [2.94085e+06, 408, 5.16475e+06, 3.24137e+06], [2.91626e+06, 462, 4.70379e+06, 3.65744e+06], [2.94096e+06, 408, 5.16614e+06, 3.24061e+06], [2.91626e+06, 462, 4.70379e+06, 3.65744e+06], [2.94096e+06, 408, 5.16614e+06, 3.24061e+06]], "gen0-norm-front": [[0, 1, 0.00015229, 0.0616572], [1, 0, 1, 1], [0.000759818, 0.996805, 0, 0.0637461], [0.0287542, 0.990415, 0.0607422, 0], [0.00266026, 0.827476, 0.0237644, 0.005649], [0, 1, 0.00015229, 0.0616572], [0.00267242, 0.827476, 0.0238357, 0.00554575], [0, 1, 0.00015229, 0.0616572], [0.00267242, 0.827476, 0.0238357, 0.00554575]], "gen0-raw-d-score": [3.00007e+07, 3.00291e+07, 1.03825e+07, 1.0457e+07, 9.92401e+06, 9.91723e+06, 9.92452e+06, 9.47876e+06, 6.77051e+06], "gen0-norm-d-score": [2.00095, 1.99963, 1.40824, 1.29258, 1.29966, 1.29966, 1.29967, 1.29966, 0.827842], "gen0-sparsity": 5.82629e+13, "gen0-raw-winner": [2.94096e+06, 408, 5.16614e+06, 3.24061e+06], "gen0-norm-winner": [0.00267242, 0.827476, 0.0238357, 0.00554575], "gen0-winner-naw-d-score": 6.77051e+06, "gen0-winner-norm-d-score": 0.827842, "gen0-time": 11491, "gen1-front": [[2.94096e+06, 408, 5.16614e+06, 3.24061e+06], [3.18197e+06, 459, 5.88663e+06, 3.19941e+06], [2.94085e+06, 408, 5.16475e+06, 3.24137e+06], [2.94096e+06, 408, 5.16614e+06, 3.24061e+06], [2.92328e+06, 461, 4.70082e+06, 3.67295e+06], [2.91626e+06, 462, 4.70379e+06, 3.65744e+06], [1.21569e+07, 149, 2.42228e+07, 1.0628e+07], [2.91626e+06, 462, 4.70379e+06, 3.65744e+06], [1.21569e+07, 149, 2.42228e+07, 1.0628e+07], [2.91626e+06, 462, 4.70379e+06, 3.65744e+06]], "gen1-norm-front": [[0.00267242, 0.827476, 0.0238357, 0.00554575], [0.0287542, 0.990415, 0.0607422, 0], [0.00266026, 0.827476, 0.0237644, 0.005649], [0.00267242, 0.827476, 0.0238357, 0.00554575], [0.000759818, 0.996805, 0, 0.0637461], [0, 1, 0.00015229, 0.0616572], [1, 0, 1, 1], [0, 1, 0.00015229, 0.0616572], [1, 0, 1, 1], [0, 1, 0.00015229, 0.0616572]], "gen1-raw-d-score": [1.04643e+07, 1.04639e+07, 1.00107e+07, 9.92362e+06, 1.536e+07, 3e+07, 3.2238e+07, 3e+07, 2.98579e+07, 6.63378e+06], "gen1-norm-d-score": [1.53476, 1.53476, 1.53762, 1.63799, 1.73248, 2.23692, 2.23692, 2.23692, 2.00095, 1.0019], "gen1-sparsity": 5.17892e+13, "gen1-raw-winner": [3.18197e+06, 459, 5.88663e+06, 3.19941e+06], "gen1-norm-winner": [0.0287542, 0.990415, 0.0607422, 0], "gen1-winner-raw-d-score": 1.04639e+07, "gen1-winner-norm-d-score": 1.53476, "gen1-time": 10594, "gen2-front": [[3.18197e+06, 459, 5.88663e+06, 3.19941e+06], [2.94096e+06, 408, 5.16614e+06, 3.24061e+06], [2.94085e+06, 408, 5.16475e+06, 3.24137e+06], [2.94096e+06, 408, 5.16614e+06, 3.24061e+06], [2.92328e+06, 461, 4.70082e+06, 3.67295e+06], [2.91626e+06, 462, 4.70379e+06, 3.65744e+06], [1.21569e+07, 149, 2.42228e+07, 1.0628e+07], [2.91626e+06, 462, 4.70379e+06, 3.65744e+06], [1.21569e+07, 149, 2.42228e+07, 1.0628e+07]], "gen2-norm-front": [[0.0287542, 0.990415, 0.0607422, 0], [0.00267242, 0.827476, 0.0238357, 0.00554575], [0.00266026, 0.827476, 0.0237644, 0.005649], [0.00267242, 0.827476, 0.0238357, 0.00554575], [0.000759818, 0.996805, 0, 0.0637461], [0, 1, 0.00015229, 0.0616572], [1, 0, 1, 1], [0, 1, 0.00015229, 0.0616572], [1, 0, 1, 1]], "gen2-raw-d-score": [1.04643e+07, 1.00159e+07, 1.00107e+07, 9.92362e+06, 1.536e+07, 3e+07, 3.2238e+07, 2.98579e+07, 2.91117e+07], "gen2-norm-d-score": [1.29258, 1.17075, 1.17074, 1.29731, 1.73248, 2.00095, 2.23692, 2.00095, 1.73205], "gen2-sparsity": 5.82629e+13, "gen2-raw-winner": [2.94085e+06, 408, 5.16475e+06, 3.24137e+06], "gen2-norm-winner": [0.00266026, 0.827476, 0.0237644, 0.005649], "gen2-winner-raw-d-score": 1.00107e+07, "gen2-winner-norm-d-score": 1.17074, "gen2-time": 9864, "gen3-front": [[2.94085e+06, 408, 5.16475e+06, 3.24137e+06], [2.94096e+06, 408, 5.16614e+06, 3.24061e+06], [3.18197e+06, 459, 5.88663e+06, 3.19941e+06], [2.94096e+06, 408, 5.16614e+06, 3.24061e+06], [2.92328e+06, 461, 4.70082e+06, 3.67295e+06], [2.91626e+06, 462, 4.70379e+06, 3.65744e+06], [1.21569e+07, 149, 2.42228e+07, 1.0628e+07], [2.91626e+06, 462, 4.70379e+06, 3.65744e+06], [1.21569e+07, 149, 2.42228e+07, 1.0628e+07], [2.91626e+06, 462, 4.70379e+06, 3.65744e+06]], "gen3-norm-front": [[0.00266026, 0.827476, 0.0237644, 0.005649], [0.00267242, 0.827476, 0.0238357, 0.00554575], [0.0287542, 0.990415, 0.0607422, 0], [0.00267242, 0.827476, 0.0238357, 0.00554575], [0.000759818, 0.996805, 0, 0.0637461], [0, 1, 0.00015229, 0.0616572], [1, 0, 1, 1], [0, 1, 0.00015229, 0.0616572], [1, 0, 1, 1], [0, 1, 0.00015229, 0.0616572]], "gen3-raw-d-score": [1.00893e+07, 1.04643e+07, 1.04594e+07, 9.92362e+06, 1.536e+07, 3e+07, 3.2238e+07, 3e+07, 2.98579e+07, 6.63378e+06], "gen3-norm-d-score": [1.53375, 1.53476, 1.63229, 1.63799, 1.73248, 2.23692, 2.23692, 2.23692, 2.00095, 1.0019], "gen3-sparsity": 5.17892e+13, "gen3-raw-winner": [2.94085e+06, 408, 5.16475e+06, 3.24137e+06], "gen3-norm-winner": [0.00266026, 0.827476, 0.0237644, 0.005649], "gen3-winner-raw-d-score": 1.00893e+07, "gen3-winner-norm-d-score": 1.53375, "gen3-time": 9929, "gen4-front": [[2.94085e+06, 408, 5.16475e+06, 3.24137e+06], [2.94096e+06, 408, 5.16614e+06, 3.24061e+06], [3.18197e+06, 459, 5.88663e+06, 3.19941e+06], [2.94096e+06, 408, 5.16614e+06, 3.24061e+06], [2.92328e+06, 461, 4.70082e+06, 3.67295e+06], [2.91626e+06, 462, 4.70379e+06, 3.65744e+06], [1.21569e+07, 149, 2.42228e+07, 1.0628e+07], [2.91626e+06, 462, 4.70379e+06, 3.65744e+06], [1.21569e+07, 149, 2.42228e+07, 1.0628e+07]], "gen4-norm-front": [[0.00266026, 0.827476, 0.0237644, 0.005649], [0.00267242, 0.827476, 0.0238357, 0.00554575], [0.0287542, 0.990415, 0.0607422, 0], [0.00267242, 0.827476, 0.0238357, 0.00554575], [0.000759818, 0.996805, 0, 0.0637461], [0, 1, 0.00015229, 0.0616572], [1, 0, 1, 1], [0, 1, 0.00015229, 0.0616572], [1, 0, 1, 1]], "gen4-raw-d-score": [1.00893e+07, 1.04643e+07, 1.04594e+07, 9.92362e+06, 1.536e+07, 3e+07, 3.2238e+07, 2.98579e+07, 2.91117e+07], "gen4-norm-d-score": [1.1711, 1.29258, 1.29258, 1.29731, 1.73248, 2.00095, 2.23692, 2.00095, 1.73205], "gen4-sparsity": 5.82629e+13, "gen4-raw-winner": [2.94085e+06, 408, 5.16475e+06, 3.24137e+06], "gen4-norm-winner": [0.00266026, 0.827476, 0.0237644, 0.005649], "gen4-winner-raw-d-score": 1.00893e+07, "gen4-winner-norm-d-score": 1.1711, "gen4-time": 9882, "gen5-front": [[2.94085e+06, 408, 5.16475e+06, 3.24137e+06], [3.18197e+06, 459, 5.88663e+06, 3.19941e+06], [2.94096e+06, 408, 5.16614e+06, 3.24061e+06], [2.92328e+06, 461, 4.70082e+06, 3.67295e+06], [2.91626e+06, 462, 4.70379e+06, 3.65744e+06], [1.21569e+07, 149, 2.42228e+07, 1.0628e+07], [2.91626e+06, 462, 4.70379e+06, 3.65744e+06], [1.21569e+07, 149, 2.42228e+07, 1.0628e+07], [2.94085e+06, 408, 5.16475e+06, 3.24137e+06]], "gen5-norm-front": [[0.00266026, 0.827476, 0.0237644, 0.005649], [0.0287542, 0.990415, 0.0607422, 0], [0.00267242, 0.827476, 0.0238357, 0.00554575], [0.000759818, 0.996805, 0, 0.0637461], [0, 1, 0.00015229, 0.0616572], [1, 0, 1, 1], [0, 1, 0.00015229, 0.0616572], [1, 0, 1, 1], [0.00266026, 0.827476, 0.0237644, 0.005649]], "gen5-raw-d-score": [1.04639e+07, 1.04594e+07, 9.92362e+06, 1.536e+07, 3e+07, 3.2238e+07, 3.00024e+07, 2.98884e+07, 6.76976e+06], "gen5-norm-d-score": [1.29258, 1.29258, 1.29731, 1.73248, 2.00095, 2.23692, 2.00095, 1.91972, 0.827841], "gen5-sparsity": 5.82629e+13, "gen5-raw-winner": [2.94085e+06, 408, 5.16475e+06, 3.24137e+06], "gen5-norm-winner": [0.00266026, 0.827476, 0.0237644, 0.005649], "gen5-winner-raw-d-score": 6.76976e+06, "gen5-winner-norm-d-score": 0.827841, "gen5-time": 9918}, {"source": 69464, "target": 58822, "gen0-front": [[2.1026e+06, 182, 3.36748e+06, 2.63904e+06], [9.00665e+06, 0, 1.79052e+07, 7.94169e+06], [2.10435e+06, 186, 3.35909e+06, 2.65214e+06], [2.16825e+06, 160, 3.59762e+06, 2.5907e+06], [2.10338e+06, 189, 3.3591e+06, 2.65215e+06], [2.11521e+06, 166, 3.43725e+06, 2.60941e+06], [2.1026e+06, 182, 3.36748e+06, 2.63904e+06], [2.10338e+06, 189, 3.3591e+06, 2.65215e+06], [2.1026e+06, 182, 3.36748e+06, 2.63904e+06]], "gen0-norm-front": [[0, 0.962963, 0.000577128, 0.00903552], [1, 0, 1, 1], [0.000253267, 0.984127, 0, 0.0114831], [0.00950842, 0.846561, 0.0163986, 0], [0.000113375, 1, 4.81227e-07, 0.0114844], [0.00182612, 0.878307, 0.00537338, 0.00349748], [0, 0.962963, 0.000577128, 0.00903552], [0.000113375, 1, 4.81227e-07, 0.0114844], [0, 0.962963, 0.000577128, 0.00903552]], "gen0-raw-d-score": [2.21798e+07, 2.21864e+07, 7.17814e+06, 7.18134e+06, 7.08946e+06, 7.08854e+06, 7.06314e+06, 6.74293e+06, 4.76712e+06], "gen0-norm-d-score": [1.98176, 1.99217, 1.29833, 1.3104, 1.33101, 1.3034, 1.38835, 1.38835, 0.963006], "gen0-sparsity": 3.49358e+13, "gen0-raw-winner": [2.1026e+06, 182, 3.36748e+06, 2.63904e+06], "gen0-norm-winner": [0, 0.962963, 0.000577128, 0.00903552], "gen0-winner-naw-d-score": 4.76712e+06, "gen0-winner-norm-d-score": 0.963006, "gen0-time": 10212, "gen1-front": [[2.1026e+06, 182, 3.36748e+06, 2.63904e+06], [2.10435e+06, 186, 3.35909e+06, 2.65214e+06], [2.11521e+06, 166, 3.43725e+06, 2.60941e+06], [2.16825e+06, 160, 3.59762e+06, 2.5907e+06], [2.1026e+06, 182, 3.36748e+06, 2.63904e+06], [2.10338e+06, 189, 3.3591e+06, 2.65215e+06], [9.00665e+06, 0, 1.79052e+07, 7.94169e+06], [2.1026e+06, 182, 3.36748e+06, 2.63904e+06], [9.00665e+06, 0, 1.79052e+07, 7.94169e+06], [2.1026e+06, 182, 3.36748e+06, 2.63904e+06]], "gen1-norm-front": [[0, 0.962963, 0.000577128, 0.00903552], [0.000253267, 0.984127, 0, 0.0114831], [0.00182612, 0.878307, 0.00537338, 0.00349748], [0.00950842, 0.846561, 0.0163986, 0], [0, 0.962963, 0.000577128, 0.00903552], [0.000113375, 1, 4.81227e-07, 0.0114844], [1, 0, 1, 1], [0, 0.962963, 0.000577128, 0.00903552], [1, 0, 1, 1], [0, 0.962963, 0.000577128, 0.00903552]], "gen1-raw-d-score": [7.06719e+06, 7.10948e+06, 7.20241e+06, 7.17674e+06, 1.12511e+07, 2.218e+07, 2.3846e+07, 2.21796e+07, 2.20797e+07, 4.76712e+06], "gen1-norm-d-score": [1.63323, 1.56744, 1.55428, 1.62616, 1.711, 2.21978, 2.21977, 2.20333, 1.98176, 0.963006], "gen1-sparsity": 3.1054e+13, "gen1-raw-winner": [2.1026e+06, 182, 3.36748e+06, 2.63904e+06], "gen1-norm-winner": [0, 0.962963, 0.000577128, 0.00903552], "gen1-winner-raw-d-score": 4.76712e+06, "gen1-winner-norm-d-score": 0.963006, "gen1-time": 9584, "gen2-front": [[2.1026e+06, 182, 3.36748e+06, 2.63904e+06], [2.11521e+06, 166, 3.43725e+06, 2.60941e+06], [2.10435e+06, 186, 3.35909e+06, 2.65214e+06], [2.16825e+06, 160, 3.59762e+06, 2.5907e+06], [2.1026e+06, 182, 3.36748e+06, 2.63904e+06], [2.10338e+06, 189, 3.3591e+06, 2.65215e+06], [9.00665e+06, 0, 1.79052e+07, 7.94169e+06], [2.1026e+06, 182, 3.36748e+06, 2.63904e+06], [9.00665e+06, 0, 1.79052e+07, 7.94169e+06]], "gen2-norm-front": [[0, 0.962963, 0.000577128, 0.00903552], [0.00182612, 0.878307, 0.00537338, 0.00349748], [0.000253267, 0.984127, 0, 0.0114831], [0.00950842, 0.846561, 0.0163986, 0], [0, 0.962963, 0.000577128, 0.00903552], [0.000113375, 1, 4.81227e-07, 0.0114844], [1, 0, 1, 1], [0, 0.962963, 0.000577128, 0.00903552], [1, 0, 1, 1]], "gen2-raw-d-score": [4.76712e+06, 6.77078e+06, 4.76924e+06, 4.93517e+06, 4.76712e+06, 4.76882e+06, 2.15589e+07, 4.76712e+06, 2.15589e+07], "gen2-norm-d-score": [0.963006, 0.878332, 0.98424, 0.846773, 0.963006, 1.00007, 1.73205, 0.963006, 1.73205], "gen2-sparsity": 3.49358e+13, "gen2-raw-winner": [2.16825e+06, 160, 3.59762e+06, 2.5907e+06], "gen2-norm-winner": [0.00950842, 0.846561, 0.0163986, 0], "gen2-winner-raw-d-score": 4.93517e+06, "gen2-winner-norm-d-score": 0.846773, "gen2-time": 8788, "gen3-front": [[2.16825e+06, 160, 3.59762e+06, 2.5907e+06], [2.11521e+06, 166, 3.43725e+06, 2.60941e+06], [2.1026e+06, 182, 3.36748e+06, 2.63904e+06], [2.10435e+06, 186, 3.35909e+06, 2.65214e+06], [2.10338e+06, 189, 3.3591e+06, 2.65215e+06], [9.00665e+06, 0, 1.79052e+07, 7.94169e+06], [2.1026e+06, 182, 3.36748e+06, 2.63904e+06], [9.00665e+06, 0, 1.79052e+07, 7.94169e+06], [2.1026e+06, 182, 3.36748e+06, 2.63904e+06]], "gen3-norm-front": [[0.00950842, 0.846561, 0.0163986, 0], [0.00182612, 0.878307, 0.00537338, 0.00349748], [0, 0.962963, 0.000577128, 0.00903552], [0.000253267, 0.984127, 0, 0.0114831], [0.000113375, 1, 4.81227e-07, 0.0114844], [1, 0, 1, 1], [0, 0.962963, 0.000577128, 0.00903552], [1, 0, 1, 1], [0, 0.962963, 0.000577128, 0.00903552]], "gen3-raw-d-score": [4.93517e+06, 4.80602e+06, 4.76712e+06, 4.76924e+06, 4.76882e+06, 2.15589e+07, 4.76712e+06, 2.15589e+07, 4.76712e+06], "gen3-norm-d-score": [0.846773, 0.878332, 0.963006, 0.984194, 1.00007, 1.73205, 0.963006, 1.73205, 0.963006], "gen3-sparsity": 3.49358e+13, "gen3-raw-winner": [2.16825e+06, 160, 3.59762e+06, 2.5907e+06], "gen3-norm-winner": [0.00950842, 0.846561, 0.0163986, 0], "gen3-winner-raw-d-score": 4.93517e+06, "gen3-winner-norm-d-score": 0.846773, "gen3-time": 8792, "gen4-front": [[2.16825e+06, 160, 3.59762e+06, 2.5907e+06], [2.11521e+06, 166, 3.43725e+06, 2.60941e+06], [2.1026e+06, 182, 3.36748e+06, 2.63904e+06], [2.10435e+06, 186, 3.35909e+06, 2.65214e+06], [2.10338e+06, 189, 3.3591e+06, 2.65215e+06], [9.00665e+06, 0, 1.79052e+07, 7.94169e+06], [2.1026e+06, 182, 3.36748e+06, 2.63904e+06], [9.00665e+06, 0, 1.79052e+07, 7.94169e+06], [2.10338e+06, 189, 3.3591e+06, 2.65215e+06]], "gen4-norm-front": [[0.00950842, 0.846561, 0.0163986, 0], [0.00182612, 0.878307, 0.00537338, 0.00349748], [0, 0.962963, 0.000577128, 0.00903552], [0.000253267, 0.984127, 0, 0.0114831], [0.000113375, 1, 4.81227e-07, 0.0114844], [1, 0, 1, 1], [0, 0.962963, 0.000577128, 0.00903552], [1, 0, 1, 1], [0.000113375, 1, 4.81227e-07, 0.0114844]], "gen4-raw-d-score": [7.20241e+06, 7.08883e+06, 7.06366e+06, 1.1252e+07, 2.218e+07, 2.3846e+07, 2.21797e+07, 2.20801e+07, 4.76882e+06], "gen4-norm-d-score": [1.22004, 1.3034, 1.37696, 1.72301, 2.00003, 2.21977, 1.98176, 2.00003, 1.00007], "gen4-sparsity": 3.49358e+13, "gen4-raw-winner": [2.16825e+06, 160, 3.59762e+06, 2.5907e+06], "gen4-norm-winner": [0.00950842, 0.846561, 0.0163986, 0], "gen4-winner-raw-d-score": 7.20241e+06, "gen4-winner-norm-d-score": 1.22004, "gen4-time": 8867, "gen5-front": [[2.16825e+06, 160, 3.59762e+06, 2.5907e+06], [2.11521e+06, 166, 3.43725e+06, 2.60941e+06], [2.1026e+06, 182, 3.36748e+06, 2.63904e+06], [2.10435e+06, 186, 3.35909e+06, 2.65214e+06], [2.1026e+06, 182, 3.36748e+06, 2.63904e+06], [2.10338e+06, 189, 3.3591e+06, 2.65215e+06], [9.00665e+06, 0, 1.79052e+07, 7.94169e+06], [2.1026e+06, 182, 3.36748e+06, 2.63904e+06], [9.00665e+06, 0, 1.79052e+07, 7.94169e+06], [2.1026e+06, 182, 3.36748e+06, 2.63904e+06]], "gen5-norm-front": [[0.00950842, 0.846561, 0.0163986, 0], [0.00182612, 0.878307, 0.00537338, 0.00349748], [0, 0.962963, 0.000577128, 0.00903552], [0.000253267, 0.984127, 0, 0.0114831], [0, 0.962963, 0.000577128, 0.00903552], [0.000113375, 1, 4.81227e-07, 0.0114844], [1, 0, 1, 1], [0, 0.962963, 0.000577128, 0.00903552], [1, 0, 1, 1], [0, 0.962963, 0.000577128, 0.00903552]], "gen5-raw-d-score": [4.93517e+06, 4.80602e+06, 4.76712e+06, 4.76924e+06, 4.76712e+06, 4.76882e+06, 2.15589e+07, 4.76712e+06, 2.15589e+07, 4.76712e+06], "gen5-norm-d-score": [0.846773, 0.878332, 1.37691, 1.37696, 1.3883, 1.00007, 1.73205, 1.3883, 1.98174, 0.963006], "gen5-sparsity": 3.1054e+13, "gen5-raw-winner": [2.16825e+06, 160, 3.59762e+06, 2.5907e+06], "gen5-norm-winner": [0.00950842, 0.846561, 0.0163986, 0], "gen5-winner-raw-d-score": 4.93517e+06, "gen5-winner-norm-d-score": 0.846773, "gen5-time": 8774}, {"source": 192156, "target": 177003, "gen0-front": [[977290, 214, 1.87336e+06, 944940], [1.0166e+06, 200, 1.95748e+06, 953973], [980768, 209, 1.87132e+06, 944123], [1.00116e+06, 206, 1.92267e+06, 942335], [977675, 209, 1.87175e+06, 944295], [978178, 209, 1.87292e+06, 943458], [977675, 209, 1.87175e+06, 944295]], "gen0-norm-front": [[0, 1, 0.0237111, 0.223836], [1, 0, 1, 1], [0.0884648, 0.642857, 0, 0.153635], [0.607228, 0.428571, 0.59597, 0], [0.00979657, 0.642857, 0.0049906, 0.168414], [0.0225944, 0.642857, 0.0185813, 0.0964942], [0.00979657, 0.642857, 0.0049906, 0.168414]], "gen0-raw-d-score": [3.1973e+06, 3.19985e+06, 3.17082e+06, 3.16958e+06, 3.13299e+06, 3.13274e+06, 2.31322e+06], "gen0-norm-d-score": [1.74662, 1.84962, 1.16287, 1.14933, 0.925133, 0.914778, 0.664642], "gen0-sparsity": 7.31677e+08, "gen0-raw-winner": [977675, 209, 1.87175e+06, 944295], "gen0-norm-winner": [0.00979657, 0.642857, 0.0049906, 0.168414], "gen0-winner-naw-d-score": 2.31322e+06, "gen0-winner-norm-d-score": 0.664642, "gen0-time": 1116, "gen1-front": [[977675, 209, 1.87175e+06, 944295], [978178, 209, 1.87292e+06, 943458], [977675, 209, 1.87175e+06, 944295], [1.00116e+06, 206, 1.92267e+06, 942335], [980768, 209, 1.87132e+06, 944123], [977290, 214, 1.87336e+06, 944940], [1.0166e+06, 200, 1.95748e+06, 953973], [978095, 209, 1.87143e+06, 944166], [978599, 209, 1.8726e+06, 943329], [978095, 209, 1.87143e+06, 944166], [977675, 209, 1.87175e+06, 944295], [1.0166e+06, 200, 1.95748e+06, 953973], [977675, 209, 1.87175e+06, 944295], [978178, 209, 1.87292e+06, 943458], [977675, 209, 1.87175e+06, 944295]], "gen1-norm-front": [[0.00979657, 0.642857, 0.0049906, 0.168414], [0.0225944, 0.642857, 0.0185813, 0.0964942], [0.00979657, 0.642857, 0.0049906, 0.168414], [0.607228, 0.428571, 0.59597, 0], [0.0884648, 0.642857, 0, 0.153635], [0, 1, 0.0237111, 0.223836], [1, 0, 1, 1], [0.020488, 0.642857, 0.00125345, 0.157329], [0.0332858, 0.642857, 0.0148441, 0.0854099], [0.020488, 0.642857, 0.00125345, 0.157329], [0.00979657, 0.642857, 0.0049906, 0.168414], [1, 0, 1, 1], [0.00979657, 0.642857, 0.0049906, 0.168414], [0.0225944, 0.642857, 0.0185813, 0.0964942], [0.00979657, 0.642857, 0.0049906, 0.168414]], "gen1-raw-d-score": [2.31322e+06, 3.27196e+06, 2.31322e+06, 2.36368e+06, 2.31411e+06, 3.17119e+06, 2.40318e+06, 2.31308e+06, 2.3139e+06, 3.30716e+06, 3.27139e+06, 3.39861e+06, 2.31322e+06, 2.31404e+06, 2.31322e+06], "gen1-norm-d-score": [0.664642, 2.31411e+06, 0.664642, 0.95267, 0.666855, 1.02502, 1.73205, 0.662147, 0.649529, 0.662147, 0.664642, 1.97676, 0.664642, 0.650717, 0.664642], "gen1-sparsity": 3.13378e+08, "gen1-raw-winner": [978599, 209, 1.8726e+06, 943329], "gen1-norm-winner": [0.0332858, 0.642857, 0.0148441, 0.0854099], "gen1-winner-raw-d-score": 2.3139e+06, "gen1-winner-norm-d-score": 0.649529, "gen1-time": 967, "gen2-front": [[978599, 209, 1.8726e+06, 943329], [978178, 209, 1.87292e+06, 943458], [978095, 209, 1.87143e+06, 944166], [977675, 209, 1.87175e+06, 944295], [980768, 209, 1.87132e+06, 944123], [978095, 209, 1.87143e+06, 944166]], "gen2-norm-front": [[0.298586, 0, 0.798876, 0], [0.162681, 0, 1, 0.13354], [0.135905, 0, 0.0674578, 0.86646], [0, 0, 0.268582, 1], [1, 0, 0, 0.821946], [0.135905, 0, 0.0674578, 0.86646]], "gen2-raw-d-score": [2.51217e+06, 2.51226e+06, 2.51122e+06, 2.51255e+06, 2.51232e+06, 2.31308e+06], "gen2-norm-d-score": [0.868229, 1.03091, 0.879644, 1.43949, 1.30156, 0.879644], "gen2-sparsity": 1.29669e+06, "gen2-raw-winner": [978599, 209, 1.8726e+06, 943329], "gen2-norm-winner": [0.298586, 0, 0.798876, 0], "gen2-winner-raw-d-score": 2.51217e+06, "gen2-winner-norm-d-score": 0.868229, "gen2-time": 264, "gen3-front": [[978599, 209, 1.8726e+06, 943329], [978095, 209, 1.87143e+06, 944166], [978178, 209, 1.87292e+06, 943458], [980768, 209, 1.87132e+06, 944123], [977675, 209, 1.87175e+06, 944295], [978178, 209, 1.87292e+06, 943458], [977675, 209, 1.87175e+06, 944295], [978178, 209, 1.87292e+06, 943458], [977675, 209, 1.87175e+06, 944295], [977675, 209, 1.87175e+06, 944295], [978095, 209, 1.87143e+06, 944166]], "gen3-norm-front": [[0.298586, 0, 0.798876, 0], [0.135905, 0, 0.0674578, 0.86646], [0.162681, 0, 1, 0.13354], [1, 0, 0, 0.821946], [0, 0, 0.268582, 1], [0.162681, 0, 1, 0.13354], [0, 0, 0.268582, 1], [0.162681, 0, 1, 0.13354], [0, 0, 0.268582, 1], [0, 0, 0.268582, 1], [0.135905, 0, 0.0674578, 0.86646]], "gen3-raw-d-score": [2.3139e+06, 2.31308e+06, 2.31404e+06, 2.31411e+06, 2.31322e+06, 2.31404e+06, 2.31322e+06, 2.31404e+06, 2.31322e+06, 2.31322e+06, 2.31308e+06], "gen3-norm-d-score": [0.852852, 0.879644, 1.02191, 1.32202, 1.34145, 1.02191, 1.03544, 1.02191, 1.03544, 1.03544, 0.879644], "gen3-sparsity": 648347, "gen3-raw-winner": [978599, 209, 1.8726e+06, 943329], "gen3-norm-winner": [0.298586, 0, 0.798876, 0], "gen3-winner-raw-d-score": 2.3139e+06, "gen3-winner-norm-d-score": 0.852852, "gen3-time": 265, "gen4-front": [[978599, 209, 1.8726e+06, 943329], [978095, 209, 1.87143e+06, 944166], [978178, 209, 1.87292e+06, 943458], [977675, 209, 1.87175e+06, 944295], [980768, 209, 1.87132e+06, 944123], [978178, 209, 1.87292e+06, 943458], [977675, 209, 1.87175e+06, 944295], [978178, 209, 1.87292e+06, 943458], [977675, 209, 1.87175e+06, 944295]], "gen4-norm-front": [[0.298586, 0, 0.798876, 0], [0.135905, 0, 0.0674578, 0.86646], [0.162681, 0, 1, 0.13354], [0, 0, 0.268582, 1], [1, 0, 0, 0.821946], [0.162681, 0, 1, 0.13354], [0, 0, 0.268582, 1], [0.162681, 0, 1, 0.13354], [0, 0, 0.268582, 1]], "gen4-raw-d-score": [2.3139e+06, 2.31308e+06, 2.31404e+06, 2.31322e+06, 2.31411e+06, 2.31404e+06, 2.51154e+06, 2.31404e+06, 2.31322e+06], "gen4-norm-d-score": [0.852852, 0.879644, 1.02191, 1.03544, 1.29445, 1.02191, 1.03544, 1.02191, 1.03544], "gen4-sparsity": 810434, "gen4-raw-winner": [978599, 209, 1.8726e+06, 943329], "gen4-norm-winner": [0.298586, 0, 0.798876, 0], "gen4-winner-raw-d-score": 2.3139e+06, "gen4-winner-norm-d-score": 0.852852, "gen4-time": 266, "gen5-front": [[978599, 209, 1.8726e+06, 943329], [978095, 209, 1.87143e+06, 944166], [978178, 209, 1.87292e+06, 943458], [977675, 209, 1.87175e+06, 944295], [980768, 209, 1.87132e+06, 944123], [978178, 209, 1.87292e+06, 943458], [977675, 209, 1.87175e+06, 944295], [978178, 209, 1.87292e+06, 943458], [977675, 209, 1.87175e+06, 944295], [977675, 209, 1.87175e+06, 944295]], "gen5-norm-front": [[0.298586, 0, 0.798876, 0], [0.135905, 0, 0.0674578, 0.86646], [0.162681, 0, 1, 0.13354], [0, 0, 0.268582, 1], [1, 0, 0, 0.821946], [0.162681, 0, 1, 0.13354], [0, 0, 0.268582, 1], [0.162681, 0, 1, 0.13354], [0, 0, 0.268582, 1], [0, 0, 0.268582, 1]], "gen5-raw-d-score": [2.3139e+06, 2.31308e+06, 2.31404e+06, 2.31322e+06, 2.31411e+06, 2.31404e+06, 2.31322e+06, 2.31404e+06, 2.31322e+06, 2.31322e+06], "gen5-norm-d-score": [0.852852, 0.879644, 1.02191, 1.03544, 1.29445, 1.02191, 1.03544, 1.02191, 1.03544, 1.03544], "gen5-sparsity": 720386, "gen5-raw-winner": [978599, 209, 1.8726e+06, 943329], "gen5-norm-winner": [0.298586, 0, 0.798876, 0], "gen5-winner-raw-d-score": 2.3139e+06, "gen5-winner-norm-d-score": 0.852852, "gen5-time": 266}, {"source": 209893, "target": 416036, "gen0-front": [[540578, 140, 863710, 707457], [2.37737e+06, 26, 4.69583e+06, 2.10162e+06], [548458, 148, 853621, 736029], [707200, 157, 1.33008e+06, 699450], [540578, 140, 863710, 707457], [542201, 146, 856587, 720505], [540578, 140, 863710, 707457], [540603, 140, 863636, 707426]], "gen0-norm-front": [[0, 0.870229, 0.00262583, 0.00571041], [1, 0, 1, 1], [0.00428974, 0.931298, 0, 0.0260873], [0.0907133, 1, 0.124006, 0], [0, 0.870229, 0.00262583, 0.00571041], [0.000883558, 0.916031, 0.000771952, 0.015016], [0, 0.870229, 0.00262583, 0.00571041], [1.33875e-05, 0.870229, 0.00260657, 0.00568831]], "gen0-raw-d-score": [5.80157e+06, 5.80437e+06, 2.08079e+06, 2.07297e+06, 1.75658e+06, 1.75658e+06, 1.75422e+06, 1.24039e+06], "gen0-norm-d-score": [1.93839, 1.96673, 1.37536, 1.33452, 1.2636, 1.2636, 1.23072, 0.870252], "gen0-sparsity": 2.31798e+12, "gen0-raw-winner": [540603, 140, 863636, 707426], "gen0-norm-winner": [1.33875e-05, 0.870229, 0.00260657, 0.00568831], "gen0-winner-naw-d-score": 1.24039e+06, "gen0-winner-norm-d-score": 0.870252, "gen0-time": 4171, "gen1-front": [[540603, 140, 863636, 707426], [540578, 140, 863710, 707457], [542201, 146, 856587, 720505], [548458, 148, 853621, 736029], [540578, 140, 863710, 707457], [707200, 157, 1.33008e+06, 699450], [2.37737e+06, 26, 4.69583e+06, 2.10162e+06], [540603, 140, 863636, 707426], [2.37737e+06, 26, 4.69583e+06, 2.10162e+06], [540603, 140, 863636, 707426], [540578, 140, 863710, 707457]], "gen1-norm-front": [[1.33875e-05, 0.870229, 0.00260657, 0.00568831], [0, 0.870229, 0.00262583, 0.00571041], [0.000883558, 0.916031, 0.000771952, 0.015016], [0.00428974, 0.931298, 0, 0.0260873], [0, 0.870229, 0.00262583, 0.00571041], [0.0907133, 1, 0.124006, 0], [1, 0, 1, 1], [1.33875e-05, 0.870229, 0.00260657, 0.00568831], [1, 0, 1, 1], [1.33875e-05, 0.870229, 0.00260657, 0.00568831], [0, 0.870229, 0.00262583, 0.00571041]], "gen1-raw-d-score": [2.02608e+06, 2.02856e+06, 2.0387e+06, 2.3193e+06, 5.65684e+06, 5.99301e+06, 7.83331e+06, 5.89035e+06, 5.89036e+06, 1.75422e+06, 1.24045e+06], "gen1-norm-d-score": [1.53421, 1.56972, 1.56992, 1.62756, 1.94447, 2.18653, 2.39945, 2.12477, 2.12477, 1.23072, 0.870252], "gen1-sparsity": 1.62259e+12, "gen1-raw-winner": [540578, 140, 863710, 707457], "gen1-norm-winner": [0, 0.870229, 0.00262583, 0.00571041], "gen1-winner-raw-d-score": 1.24045e+06, "gen1-winner-norm-d-score": 0.870252, "gen1-time": 3837, "gen2-front": [[540578, 140, 863710, 707457], [540603, 140, 863636, 707426], [540578, 140, 863710, 707457], [542201, 146, 856587, 720505], [548458, 148, 853621, 736029], [540578, 140, 863710, 707457], [540603, 140, 863636, 707426], [707200, 157, 1.33008e+06, 699450], [2.37737e+06, 26, 4.69583e+06, 2.10162e+06], [540603, 140, 863636, 707426], [2.37737e+06, 26, 4.69583e+06, 2.10162e+06]], "gen2-norm-front": [[0, 0.870229, 0.00262583, 0.00571041], [1.33875e-05, 0.870229, 0.00260657, 0.00568831], [0, 0.870229, 0.00262583, 0.00571041], [0.000883558, 0.916031, 0.000771952, 0.015016], [0.00428974, 0.931298, 0, 0.0260873], [0, 0.870229, 0.00262583, 0.00571041], [1.33875e-05, 0.870229, 0.00260657, 0.00568831], [0.0907133, 1, 0.124006, 0], [1, 0, 1, 1], [1.33875e-05, 0.870229, 0.00260657, 0.00568831], [1, 0, 1, 1]], "gen2-raw-d-score": [1.24045e+06, 1.60524e+06, 1.24045e+06, 1.24372e+06, 1.25348e+06, 5.80157e+06, 2.07293e+06, 1.66086e+06, 5.99301e+06, 5.40752e+06, 5.66741e+06], "gen2-norm-d-score": [0.870252, 0.870252, 1.27463, 1.26358, 0.931673, 0.870252, 1.24039e+06, 1.01173, 2.00589, 0.870252, 1.73205], "gen2-sparsity": 1.62259e+12, "gen2-raw-winner": [540603, 140, 863636, 707426], "gen2-norm-winner": [1.33875e-05, 0.870229, 0.00260657, 0.00568831], "gen2-winner-raw-d-score": 1.60524e+06, "gen2-winner-norm-d-score": 0.870252, "gen2-time": 3897, "gen3-front": [[540603, 140, 863636, 707426], [540578, 140, 863710, 707457], [548458, 148, 853621, 736029], [542201, 146, 856587, 720505], [540578, 140, 863710, 707457], [540603, 140, 863636, 707426], [707200, 157, 1.33008e+06, 699450], [2.37737e+06, 26, 4.69583e+06, 2.10162e+06], [540603, 140, 863636, 707426], [2.37737e+06, 26, 4.69583e+06, 2.10162e+06]], "gen3-norm-front": [[1.33875e-05, 0.870229, 0.00260657, 0.00568831], [0, 0.870229, 0.00262583, 0.00571041], [0.00428974, 0.931298, 0, 0.0260873], [0.000883558, 0.916031, 0.000771952, 0.015016], [0, 0.870229, 0.00262583, 0.00571041], [1.33875e-05, 0.870229, 0.00260657, 0.00568831], [0.0907133, 1, 0.124006, 0], [1, 0, 1, 1], [1.33875e-05, 0.870229, 0.00260657, 0.00568831], [1, 0, 1, 1]], "gen3-raw-d-score": [1.24039e+06, 1.24045e+06, 1.36572e+06, 1.24372e+06, 1.24045e+06, 1.75418e+06, 1.66086e+06, 5.82669e+06, 1.75422e+06, 5.66741e+06], "gen3-norm-d-score": [1.23071, 0.870252, 0.931673, 0.916154, 1.32875, 1.23071, 1.01173, 1.73205, 1.25348e+06, 1.73205], "gen3-sparsity": 1.80287e+12, "gen3-raw-winner": [540578, 140, 863710, 707457], "gen3-norm-winner": [0, 0.870229, 0.00262583, 0.00571041], "gen3-winner-raw-d-score": 1.24045e+06, "gen3-winner-norm-d-score": 0.870252, "gen3-time": 3907, "gen4-front": [[540578, 140, 863710, 707457], [542201, 146, 856587, 720505], [548458, 148, 853621, 736029], [540603, 140, 863636, 707426], [540578, 140, 863710, 707457], [540603, 140, 863636, 707426], [707200, 157, 1.33008e+06, 699450], [2.37737e+06, 26, 4.69583e+06, 2.10162e+06], [540603, 140, 863636, 707426], [2.37737e+06, 26, 4.69583e+06, 2.10162e+06]], "gen4-norm-front": [[0, 0.870229, 0.00262583, 0.00571041], [0.000883558, 0.916031, 0.000771952, 0.015016], [0.00428974, 0.931298, 0, 0.0260873], [1.33875e-05, 0.870229, 0.00260657, 0.00568831], [0, 0.870229, 0.00262583, 0.00571041], [1.33875e-05, 0.870229, 0.00260657, 0.00568831], [0.0907133, 1, 0.124006, 0], [1, 0, 1, 1], [1.33875e-05, 0.870229, 0.00260657, 0.00568831], [1, 0, 1, 1]], "gen4-raw-d-score": [1.84021e+06, 1.8467e+06, 1.84445e+06, 1.83563e+06, 1.89141e+06, 3.15419e+06, 5.93045e+06, 6.26977e+06, 5.80156e+06, 5.66741e+06], "gen4-norm-d-score": [1.56972, 1.56992, 1.54358, 1.50731, 1.58837, 1.66762, 2.18653, 2.18113, 1.93839, 1.73205], "gen4-sparsity": 1.80287e+12, "gen4-raw-winner": [540603, 140, 863636, 707426], "gen4-norm-winner": [1.33875e-05, 0.870229, 0.00260657, 0.00568831], "gen4-winner-raw-d-score": 1.83563e+06, "gen4-winner-norm-d-score": 1.50731, "gen4-time": 3681, "gen5-front": [[540603, 140, 863636, 707426], [548458, 148, 853621, 736029], [540578, 140, 863710, 707457], [542201, 146, 856587, 720505], [540578, 140, 863710, 707457], [540603, 140, 863636, 707426], [707200, 157, 1.33008e+06, 699450], [2.37737e+06, 26, 4.69583e+06, 2.10162e+06], [540603, 140, 863636, 707426], [2.37737e+06, 26, 4.69583e+06, 2.10162e+06]], "gen5-norm-front": [[1.33875e-05, 0.870229, 0.00260657, 0.00568831], [0.00428974, 0.931298, 0, 0.0260873], [0, 0.870229, 0.00262583, 0.00571041], [0.000883558, 0.916031, 0.000771952, 0.015016], [0, 0.870229, 0.00262583, 0.00571041], [1.33875e-05, 0.870229, 0.00260657, 0.00568831], [0.0907133, 1, 0.124006, 0], [1, 0, 1, 1], [1.33875e-05, 0.870229, 0.00260657, 0.00568831], [1, 0, 1, 1]], "gen5-raw-d-score": [1.84445e+06, 1.84497e+06, 1.83788e+06, 1.83788e+06, 1.89141e+06, 3.15419e+06, 5.93045e+06, 6.26977e+06, 5.80156e+06, 5.66741e+06], "gen5-norm-d-score": [1.54358, 1.56986, 1.53427, 1.53427, 1.58837, 1.66762, 2.18653, 2.18113, 1.93839, 1.73205], "gen5-sparsity": 1.80287e+12, "gen5-raw-winner": [540578, 140, 863710, 707457], "gen5-norm-winner": [0, 0.870229, 0.00262583, 0.00571041], "gen5-winner-raw-d-score": 1.83788e+06, "gen5-winner-norm-d-score": 1.53427, "gen5-time": 3638}, {"source": 326767, "target": 388464, "gen0-front": [[2.38372e+06, 432, 3.96986e+06, 2.87608e+06], [3.47607e+06, 260, 6.90653e+06, 3.08479e+06], [2.38372e+06, 432, 3.96986e+06, 2.87608e+06], [2.56201e+06, 298, 4.82893e+06, 2.53265e+06], [2.38372e+06, 432, 3.96986e+06, 2.87608e+06], [2.39282e+06, 357, 4.07134e+06, 2.80445e+06], [2.44331e+06, 353, 4.43204e+06, 2.60579e+06], [2.38372e+06, 432, 3.96986e+06, 2.87608e+06]], "gen0-norm-front": [[0, 1, 0, 0.622003], [1, 0, 1, 1], [0, 1, 0, 0.622003], [0.163217, 0.22093, 0.292533, 0], [0, 1, 0, 0.622003], [0.00832932, 0.563953, 0.0345568, 0.49226], [0.0545524, 0.540698, 0.157385, 0.132469], [0, 1, 0, 0.622003]], "gen0-raw-d-score": [5.45103e+06, 8.32461e+06, 5.45103e+06, 6.02468e+06, 5.45103e+06, 5.49239e+06, 5.69236e+06, 5.45103e+06], "gen0-norm-d-score": [1.17766, 1.73205, 5.45103e+06, 0.40128, 1.17766, 0.749418, 0.581075, 1.17766], "gen0-sparsity": 7.94295e+11, "gen0-raw-winner": [2.56201e+06, 298, 4.82893e+06, 2.53265e+06], "gen0-norm-winner": [0.163217, 0.22093, 0.292533, 0], "gen0-winner-naw-d-score": 6.02468e+06, "gen0-winner-norm-d-score": 0.40128, "gen0-time": 3627, "gen1-front": [[2.56201e+06, 298, 4.82893e+06, 2.53265e+06], [2.44331e+06, 353, 4.43204e+06, 2.60579e+06], [2.39282e+06, 357, 4.07134e+06, 2.80445e+06], [2.38372e+06, 432, 3.96986e+06, 2.87608e+06], [3.47607e+06, 260, 6.90653e+06, 3.08479e+06], [2.38372e+06, 432, 3.96986e+06, 2.87608e+06], [3.47607e+06, 260, 6.90653e+06, 3.08479e+06], [2.38372e+06, 432, 3.96986e+06, 2.87608e+06]], "gen1-norm-front": [[0.163217, 0.22093, 0.292533, 0], [0.0545524, 0.540698, 0.157385, 0.132469], [0.00832932, 0.563953, 0.0345568, 0.49226], [0, 1, 0, 0.622003], [1, 0, 1, 1], [0, 1, 0, 0.622003], [1, 0, 1, 1], [0, 1, 0, 0.622003]], "gen1-raw-d-score": [8.28853e+06, 7.91007e+06, 7.73822e+06, 9.95052e+06, 9.95052e+06, 9.95052e+06, 9.95052e+06, 5.45103e+06], "gen1-norm-d-score": [0.706168, 0.948301, 1.39589, 2.09449, 2.09449, 2.09449, 2.09449, 1.17766], "gen1-sparsity": 7.94295e+11, "gen1-raw-winner": [2.56201e+06, 298, 4.82893e+06, 2.53265e+06], "gen1-norm-winner": [0.163217, 0.22093, 0.292533, 0], "gen1-winner-raw-d-score": 8.28853e+06, "gen1-winner-norm-d-score": 0.706168, "gen1-time": 3413, "gen2-front": [[2.56201e+06, 298, 4.82893e+06, 2.53265e+06], [2.44331e+06, 353, 4.43204e+06, 2.60579e+06], [2.39282e+06, 357, 4.07134e+06, 2.80445e+06], [2.38372e+06, 432, 3.96986e+06, 2.87608e+06], [3.47607e+06, 260, 6.90653e+06, 3.08479e+06], [2.38372e+06, 432, 3.96986e+06, 2.87608e+06], [3.47607e+06, 260, 6.90653e+06, 3.08479e+06], [2.38372e+06, 432, 3.96986e+06, 2.87608e+06], [2.3932e+06, 355, 4.06968e+06, 2.80378e+06]], "gen2-norm-front": [[0.163217, 0.22093, 0.292533, 0], [0.0545524, 0.540698, 0.157385, 0.132469], [0.00832932, 0.563953, 0.0345568, 0.49226], [0, 1, 0, 0.622003], [1, 0, 1, 1], [0, 1, 0, 0.622003], [1, 0, 1, 1], [0, 1, 0, 0.622003], [0.00867883, 0.552326, 0.0339919, 0.491059]], "gen2-raw-d-score": [8.62701e+06, 8.26144e+06, 8.48311e+06, 1.02321e+07, 1.05402e+07, 1.02321e+07, 1.02343e+07, 7.73722e+06, 5.49098e+06], "gen2-norm-d-score": [0.706217, 0.948301, 1.71712, 2.09449, 2.32097, 2.09449, 2.09451, 1.3908, 0.739888], "gen2-sparsity": 6.94929e+11, "gen2-raw-winner": [2.56201e+06, 298, 4.82893e+06, 2.53265e+06], "gen2-norm-winner": [0.163217, 0.22093, 0.292533, 0], "gen2-winner-raw-d-score": 8.62701e+06, "gen2-winner-norm-d-score": 0.706217, "gen2-time": 3138, "gen3-front": [[2.56201e+06, 298, 4.82893e+06, 2.53265e+06], [2.3932e+06, 355, 4.06968e+06, 2.80378e+06], [2.44331e+06, 353, 4.43204e+06, 2.60579e+06], [2.39282e+06, 357, 4.07134e+06, 2.80445e+06], [2.38372e+06, 432, 3.96986e+06, 2.87608e+06], [3.47607e+06, 260, 6.90653e+06, 3.08479e+06], [2.38372e+06, 432, 3.96986e+06, 2.87608e+06], [3.47607e+06, 260, 6.90653e+06, 3.08479e+06], [2.43857e+06, 353, 4.35781e+06, 2.6388e+06]], "gen3-norm-front": [[0.163217, 0.22093, 0.292533, 0], [0.00867883, 0.552326, 0.0339919, 0.491059], [0.0545524, 0.540698, 0.157385, 0.132469], [0.00832932, 0.563953, 0.0345568, 0.49226], [0, 1, 0, 0.622003], [1, 0, 1, 1], [0, 1, 0, 0.622003], [1, 0, 1, 1], [0.0502145, 0.540698, 0.132107, 0.192255]], "gen3-raw-d-score": [8.50985e+06, 8.26314e+06, 8.26144e+06, 8.48311e+06, 1.02321e+07, 1.05402e+07, 1.0245e+07, 1.00598e+07, 5.64805e+06], "gen3-norm-d-score": [0.843466, 0.940825, 0.948301, 1.71712, 2.09449, 2.32097, 2.09509, 1.83011, 0.591007], "gen3-sparsity": 6.88197e+11, "gen3-raw-winner": [2.43857e+06, 353, 4.35781e+06, 2.6388e+06], "gen3-norm-winner": [0.0502145, 0.540698, 0.132107, 0.192255], "gen3-winner-raw-d-score": 5.64805e+06, "gen3-winner-norm-d-score": 0.591007, "gen3-time": 3177, "gen4-front": [[2.43857e+06, 353, 4.35781e+06, 2.6388e+06], [2.56201e+06, 298, 4.82893e+06, 2.53265e+06], [2.3932e+06, 355, 4.06968e+06, 2.80378e+06], [2.44331e+06, 353, 4.43204e+06, 2.60579e+06], [2.39282e+06, 357, 4.07134e+06, 2.80445e+06], [2.38372e+06, 432, 3.96986e+06, 2.87608e+06], [3.47607e+06, 260, 6.90653e+06, 3.08479e+06], [2.38372e+06, 432, 3.96986e+06, 2.87608e+06], [3.47607e+06, 260, 6.90653e+06, 3.08479e+06], [2.38372e+06, 432, 3.96986e+06, 2.87608e+06]], "gen4-norm-front": [[0.0502145, 0.540698, 0.132107, 0.192255], [0.163217, 0.22093, 0.292533, 0], [0.00867883, 0.552326, 0.0339919, 0.491059], [0.0545524, 0.540698, 0.157385, 0.132469], [0.00832932, 0.563953, 0.0345568, 0.49226], [0, 1, 0, 0.622003], [1, 0, 1, 1], [0, 1, 0, 0.622003], [1, 0, 1, 1], [0, 1, 0, 0.622003]], "gen4-raw-d-score": [8.59794e+06, 8.50985e+06, 8.26314e+06, 8.26144e+06, 8.48311e+06, 1.02321e+07, 1.05402e+07, 1.02321e+07, 9.95052e+06, 5.45103e+06], "gen4-norm-d-score": [0.903025, 1.00189, 1.0969, 1.37814, 1.71712, 2.32097, 2.32097, 2.32097, 2.09449, 1.17766], "gen4-sparsity": 6.11731e+11, "gen4-raw-winner": [2.43857e+06, 353, 4.35781e+06, 2.6388e+06], "gen4-norm-winner": [0.0502145, 0.540698, 0.132107, 0.192255], "gen4-winner-raw-d-score": 8.59794e+06, "gen4-winner-norm-d-score": 0.903025, "gen4-time": 3138, "gen5-front": [[2.43857e+06, 353, 4.35781e+06, 2.6388e+06], [2.56201e+06, 298, 4.82893e+06, 2.53265e+06], [2.3932e+06, 355, 4.06968e+06, 2.80378e+06], [2.44331e+06, 353, 4.43204e+06, 2.60579e+06], [2.39282e+06, 357, 4.07134e+06, 2.80445e+06], [2.38372e+06, 432, 3.96986e+06, 2.87608e+06], [3.47607e+06, 260, 6.90653e+06, 3.08479e+06], [2.38372e+06, 432, 3.96986e+06, 2.87608e+06], [3.47607e+06, 260, 6.90653e+06, 3.08479e+06]], "gen5-norm-front": [[0.0502145, 0.540698, 0.132107, 0.192255], [0.163217, 0.22093, 0.292533, 0], [0.00867883, 0.552326, 0.0339919, 0.491059], [0.0545524, 0.540698, 0.157385, 0.132469], [0.00832932, 0.563953, 0.0345568, 0.49226], [0, 1, 0, 0.622003], [1, 0, 1, 1], [0, 1, 0, 0.622003], [1, 0, 1, 1]], "gen5-raw-d-score": [8.59794e+06, 8.50985e+06, 8.26314e+06, 8.26144e+06, 8.48311e+06, 1.02321e+07, 1.05402e+07, 9.95052e+06, 8.32461e+06], "gen5-norm-d-score": [0.714416, 0.843466, 0.940825, 0.948301, 1.71712, 2.09449, 2.32097, 2.09449, 1.73205], "gen5-sparsity": 6.88197e+11, "gen5-raw-winner": [2.43857e+06, 353, 4.35781e+06, 2.6388e+06], "gen5-norm-winner": [0.0502145, 0.540698, 0.132107, 0.192255], "gen5-winner-raw-d-score": 8.59794e+06, "gen5-winner-norm-d-score": 0.714416, "gen5-time": 3132}, {"source": 244506, "target": 398590, "gen0-front": [[3.87585e+06, 727, 6.44158e+06, 4.68507e+06], [9.40043e+06, 448, 1.87459e+07, 8.21403e+06], [3.92136e+06, 825, 6.41897e+06, 4.81366e+06], [4.47297e+06, 1217, 8.395e+06, 4.40471e+06], [3.87585e+06, 727, 6.44158e+06, 4.68507e+06]], "gen0-norm-front": [[0, 0.362809, 0.00183396, 0.0735972], [1, 0, 1, 1], [0.00823631, 0.490247, 0, 0.107354], [0.108083, 1, 0.160302, 0], [0, 0.362809, 0.00183396, 0.0735972]], "gen0-raw-d-score": [1.29164e+07, 2.28609e+07, 9.98794e+06, 1.11762e+07, 8.85811e+06], "gen0-norm-d-score": [1.06633, 1.73207, 0.513436, 1.01852, 0.370203], "gen0-sparsity": 3.68002e+13, "gen0-raw-winner": [3.87585e+06, 727, 6.44158e+06, 4.68507e+06], "gen0-norm-winner": [0, 0.362809, 0.00183396, 0.0735972], "gen0-winner-naw-d-score": 8.85811e+06, "gen0-winner-norm-d-score": 0.370203, "gen0-time": 6930, "gen1-front": [[3.87585e+06, 727, 6.44158e+06, 4.68507e+06], [3.92136e+06, 825, 6.41897e+06, 4.81366e+06], [3.87585e+06, 727, 6.44158e+06, 4.68507e+06], [4.47297e+06, 1217, 8.395e+06, 4.40471e+06], [9.40043e+06, 448, 1.87459e+07, 8.21403e+06], [3.87585e+06, 727, 6.44158e+06, 4.68507e+06], [9.40043e+06, 448, 1.87459e+07, 8.21403e+06], [3.87585e+06, 727, 6.44158e+06, 4.68507e+06]], "gen1-norm-front": [[0, 0.362809, 0.00183396, 0.0735972], [0.00823631, 0.490247, 0, 0.107354], [0, 0.362809, 0.00183396, 0.0735972], [0.108083, 1, 0.160302, 0], [1, 0, 1, 1], [0, 0.362809, 0.00183396, 0.0735972], [1, 0, 1, 1], [0, 0.362809, 0.00183396, 0.0735972]], "gen1-raw-d-score": [1.25785e+07, 1.25785e+07, 1.37241e+07, 2.48421e+07, 2.42015e+07, 2.42015e+07, 2.42015e+07, 8.85811e+06], "gen1-norm-d-score": [0.623687, 0.623687, 1.08371, 2.00932, 1.77117, 1.77117, 1.77117, 0.370203], "gen1-sparsity": 2.10287e+13, "gen1-raw-winner": [3.87585e+06, 727, 6.44158e+06, 4.68507e+06], "gen1-norm-winner": [0, 0.362809, 0.00183396, 0.0735972], "gen1-winner-raw-d-score": 8.85811e+06, "gen1-winner-norm-d-score": 0.370203, "gen1-time": 6509, "gen2-front": [[3.87585e+06, 727, 6.44158e+06, 4.68507e+06], [3.92136e+06, 825, 6.41897e+06, 4.81366e+06], [3.87585e+06, 727, 6.44158e+06, 4.68507e+06], [4.47297e+06, 1217, 8.395e+06, 4.40471e+06], [9.40043e+06, 448, 1.87459e+07, 8.21403e+06], [3.87585e+06, 727, 6.44158e+06, 4.68507e+06], [9.40043e+06, 448, 1.87459e+07, 8.21403e+06], [3.87585e+06, 727, 6.44158e+06, 4.68507e+06]], "gen2-norm-front": [[0, 0.362809, 0.00183396, 0.0735972], [0.00823631, 0.490247, 0, 0.107354], [0, 0.362809, 0.00183396, 0.0735972], [0.108083, 1, 0.160302, 0], [1, 0, 1, 1], [0, 0.362809, 0.00183396, 0.0735972], [1, 0, 1, 1], [0, 0.362809, 0.00183396, 0.0735972]], "gen2-raw-d-score": [1.25785e+07, 1.25785e+07