{"data": [{"source": 232180, "target": 910685, "gen0-front": [[3.8371e+06, 1516, 5.5383e+06, 5.52058e+06], [5.47618e+06, 1476, 9.11563e+06, 6.65771e+06], [3.84379e+06, 1523, 5.53381e+06, 5.51881e+06], [4.0209e+06, 1665, 6.07485e+06, 5.51624e+06], [3.83751e+06, 1522, 5.53582e+06, 5.51964e+06]], "gen0-norm-front": [[0, 0.21164, 0.00125439, 0.00380474], [1, 0, 1, 1], [0.00407866, 0.248677, 0, 0.00224885], [0.112134, 1, 0.151053, 0], [0.000249854, 0.243386, 0.000560888, 0.00298124]], "gen0-raw-d-score": [1.02889e+07, 1.31219e+07, 9.59284e+06, 9.91095e+06, 8.70852e+06], "gen0-norm-d-score": [1.02216, 1.73206, 0.27283, 1.01754, 0.243405], "gen0-sparsity": 3.24413e+12, "gen0-raw-winner": [3.83751e+06, 1522, 5.53582e+06, 5.51964e+06], "gen0-norm-winner": [0.000249854, 0.243386, 0.000560888, 0.00298124], "gen0-winner-naw-d-score": 8.70852e+06, "gen0-winner-norm-d-score": 0.243405, "gen0-time": 41690, "gen1-front": [[3.83751e+06, 1522, 5.53582e+06, 5.51964e+06], [3.84379e+06, 1523, 5.53381e+06, 5.51881e+06], [3.8371e+06, 1516, 5.5383e+06, 5.52058e+06], [4.0209e+06, 1665, 6.07485e+06, 5.51624e+06], [5.47618e+06, 1476, 9.11563e+06, 6.65771e+06], [3.83751e+06, 1522, 5.53582e+06, 5.51964e+06], [5.47618e+06, 1476, 9.11563e+06, 6.65771e+06], [3.83751e+06, 1522, 5.53582e+06, 5.51964e+06], [3.8371e+06, 1516, 5.5383e+06, 5.52058e+06], [3.83751e+06, 1522, 5.53582e+06, 5.51964e+06]], "gen1-norm-front": [[0.000249854, 0.243386, 0.000560888, 0.00298124], [0.00407866, 0.248677, 0, 0.00224885], [0, 0.21164, 0.00125439, 0.00380474], [0.112134, 1, 0.151053, 0], [1, 0, 1, 1], [0.000249854, 0.243386, 0.000560888, 0.00298124], [1, 0, 1, 1], [0.000249854, 0.243386, 0.000560888, 0.00298124], [0, 0.21164, 0.00125439, 0.00380474], [0.000249854, 0.243386, 0.000560888, 0.00298124]], "gen1-raw-d-score": [1.29003e+07, 1.29575e+07, 1.37609e+07, 1.59886e+07, 1.62245e+07, 1.57472e+07, 1.57471e+07, 1.29011e+07, 1.23171e+07, 8.70852e+06], "gen1-norm-d-score": [0.407308, 1.05794, 1.44229, 2.02352, 2.01476, 1.76592, 1.76183, 0.404092, 0.322574, 0.243405], "gen1-sparsity": 1.44184e+12, "gen1-raw-winner": [3.83751e+06, 1522, 5.53582e+06, 5.51964e+06], "gen1-norm-winner": [0.000249854, 0.243386, 0.000560888, 0.00298124], "gen1-winner-raw-d-score": 8.70852e+06, "gen1-winner-norm-d-score": 0.243405, "gen1-time": 38245, "gen2-front": [[3.83751e+06, 1522, 5.53582e+06, 5.51964e+06], [3.8371e+06, 1516, 5.5383e+06, 5.52058e+06], [3.83751e+06, 1522, 5.53582e+06, 5.51964e+06], [3.84379e+06, 1523, 5.53381e+06, 5.51881e+06], [3.8371e+06, 1516, 5.5383e+06, 5.52058e+06], [3.83751e+06, 1522, 5.53582e+06, 5.51964e+06], [4.0209e+06, 1665, 6.07485e+06, 5.51624e+06], [5.47618e+06, 1476, 9.11563e+06, 6.65771e+06], [3.83751e+06, 1522, 5.53582e+06, 5.51964e+06], [5.47618e+06, 1476, 9.11563e+06, 6.65771e+06]], "gen2-norm-front": [[0.000249854, 0.243386, 0.000560888, 0.00298124], [0, 0.21164, 0.00125439, 0.00380474], [0.000249854, 0.243386, 0.000560888, 0.00298124], [0.00407866, 0.248677, 0, 0.00224885], [0, 0.21164, 0.00125439, 0.00380474], [0.000249854, 0.243386, 0.000560888, 0.00298124], [0.112134, 1, 0.151053, 0], [1, 0, 1, 1], [0.000249854, 0.243386, 0.000560888, 0.00298124], [1, 0, 1, 1]], "gen2-raw-d-score": [1.29011e+07, 1.29029e+07, 1.29003e+07, 1.29017e+07, 1.29568e+07, 1.37596e+07, 1.59886e+07, 1.62245e+07, 1.52724e+07, 1.25462e+07], "gen2-norm-d-score": [0.404092, 0.407321, 0.407308, 0.407316, 1.05671, 1.44729, 2.02352, 2.01476, 1.74907, 1.73205], "gen2-sparsity": 1.44184e+12, "gen2-raw-winner": [3.83751e+06, 1522, 5.53582e+06, 5.51964e+06], "gen2-norm-winner": [0.000249854, 0.243386, 0.000560888, 0.00298124], "gen2-winner-raw-d-score": 1.29011e+07, "gen2-winner-norm-d-score": 0.404092, "gen2-time": 38567, "gen3-front": [[3.83751e+06, 1522, 5.53582e+06, 5.51964e+06], [3.84379e+06, 1523, 5.53381e+06, 5.51881e+06], [3.8371e+06, 1516, 5.5383e+06, 5.52058e+06], [3.83751e+06, 1522, 5.53582e+06, 5.51964e+06], [4.0209e+06, 1665, 6.07485e+06, 5.51624e+06], [5.47618e+06, 1476, 9.11563e+06, 6.65771e+06], [3.83751e+06, 1522, 5.53582e+06, 5.51964e+06], [5.47618e+06, 1476, 9.11563e+06, 6.65771e+06]], "gen3-norm-front": [[0.000249854, 0.243386, 0.000560888, 0.00298124], [0.00407866, 0.248677, 0, 0.00224885], [0, 0.21164, 0.00125439, 0.00380474], [0.000249854, 0.243386, 0.000560888, 0.00298124], [0.112134, 1, 0.151053, 0], [1, 0, 1, 1], [0.000249854, 0.243386, 0.000560888, 0.00298124], [1, 0, 1, 1]], "gen3-raw-d-score": [1.23164e+07, 1.23178e+07, 1.23171e+07, 1.26229e+07, 1.55212e+07, 1.52724e+07, 1.52724e+07, 1.25462e+07], "gen3-norm-d-score": [0.348006, 0.326603, 0.322574, 1.04625, 2.00883, 1.74907, 1.74907, 1.73205], "gen3-sparsity": 1.85379e+12, "gen3-raw-winner": [3.8371e+06, 1516, 5.5383e+06, 5.52058e+06], "gen3-norm-winner": [0, 0.21164, 0.00125439, 0.00380474], "gen3-winner-raw-d-score": 1.23171e+07, "gen3-winner-norm-d-score": 0.322574, "gen3-time": 39104, "gen4-front": [[3.8371e+06, 1516, 5.5383e+06, 5.52058e+06], [3.84379e+06, 1523, 5.53381e+06, 5.51881e+06], [3.83751e+06, 1522, 5.53582e+06, 5.51964e+06], [4.0209e+06, 1665, 6.07485e+06, 5.51624e+06], [5.47618e+06, 1476, 9.11563e+06, 6.65771e+06], [3.83751e+06, 1522, 5.53582e+06, 5.51964e+06], [5.47618e+06, 1476, 9.11563e+06, 6.65771e+06], [3.83751e+06, 1522, 5.53582e+06, 5.51964e+06]], "gen4-norm-front": [[0, 0.21164, 0.00125439, 0.00380474], [0.00407866, 0.248677, 0, 0.00224885], [0.000249854, 0.243386, 0.000560888, 0.00298124], [0.112134, 1, 0.151053, 0], [1, 0, 1, 1], [0.000249854, 0.243386, 0.000560888, 0.00298124], [1, 0, 1, 1], [0.000249854, 0.243386, 0.000560888, 0.00298124]], "gen4-raw-d-score": [1.23178e+07, 1.23164e+07, 1.26229e+07, 1.55212e+07, 1.52724e+07, 1.52724e+07, 1.52724e+07, 8.70852e+06], "gen4-norm-d-score": [0.326603, 0.348006, 1.04625, 2.00883, 1.74907, 1.74907, 1.74907, 0.243405], "gen4-sparsity": 1.85379e+12, "gen4-raw-winner": [3.83751e+06, 1522, 5.53582e+06, 5.51964e+06], "gen4-norm-winner": [0.000249854, 0.243386, 0.000560888, 0.00298124], "gen4-winner-raw-d-score": 8.70852e+06, "gen4-winner-norm-d-score": 0.243405, "gen4-time": 39639, "gen5-front": [[3.83751e+06, 1522, 5.53582e+06, 5.51964e+06], [3.8371e+06, 1516, 5.5383e+06, 5.52058e+06], [3.84379e+06, 1523, 5.53381e+06, 5.51881e+06], [3.83751e+06, 1522, 5.53582e+06, 5.51964e+06], [4.0209e+06, 1665, 6.07485e+06, 5.51624e+06], [5.47618e+06, 1476, 9.11563e+06, 6.65771e+06], [3.83751e+06, 1522, 5.53582e+06, 5.51964e+06], [5.47618e+06, 1476, 9.11563e+06, 6.65771e+06], [3.83751e+06, 1522, 5.53582e+06, 5.51964e+06]], "gen5-norm-front": [[0.000249854, 0.243386, 0.000560888, 0.00298124], [0, 0.21164, 0.00125439, 0.00380474], [0.00407866, 0.248677, 0, 0.00224885], [0.000249854, 0.243386, 0.000560888, 0.00298124], [0.112134, 1, 0.151053, 0], [1, 0, 1, 1], [0.000249854, 0.243386, 0.000560888, 0.00298124], [1, 0, 1, 1], [0.000249854, 0.243386, 0.000560888, 0.00298124]], "gen5-raw-d-score": [1.29029e+07, 1.29017e+07, 1.29561e+07, 1.37596e+07, 1.59886e+07, 1.62245e+07, 1.57472e+07, 1.52724e+07, 8.70852e+06], "gen5-norm-d-score": [0.322599, 0.326603, 0.365626, 1.44729, 2.00883, 2.01476, 1.74907, 1.74907, 0.243405], "gen5-sparsity": 1.62206e+12, "gen5-raw-winner": [3.83751e+06, 1522, 5.53582e+06, 5.51964e+06], "gen5-norm-winner": [0.000249854, 0.243386, 0.000560888, 0.00298124], "gen5-winner-raw-d-score": 8.70852e+06, "gen5-winner-norm-d-score": 0.243405, "gen5-time": 39537}, {"source": 529325, "target": 581426, "gen0-front": [[3.72552e+06, 697, 5.68859e+06, 5.07126e+06], [1.10078e+07, 258, 2.13766e+07, 1.01275e+07], [3.74167e+06, 672, 5.65218e+06, 5.10159e+06], [4.55909e+06, 549, 8.20130e+06, 4.83401e+06], [3.72947e+06, 668, 5.663e+06, 5.08353e+06], [3.72951e+06, 668, 5.68027e+06, 5.06278e+06], [3.72943e+06, 669, 5.68036e+06, 5.06282e+06], [3.74577e+06, 717, 5.77036e+06, 5.01132e+06]], "gen0-norm-front": [[0, 0.956427, 0.00231539, 0.0448183], [1, 0, 1, 1], [0.00221754, 0.901961, 0, 0.0505486], [0.114466, 0.633987, 0.162113, 0], [0.000543265, 0.893246, 0.000687976, 0.0471359], [0.000548084, 0.893246, 0.00178633, 0.0432167], [0.000537582, 0.895425, 0.00179199, 0.0432235], [0.00278109, 1, 0.00751565, 0.0334945]], "gen0-raw-d-score": [2.74345e+07, 2.60901e+07, 1.35421e+07, 1.35364e+07, 8.47472e+06, 1.19839e+07, 8.47392e+06, 8.51124e+06], "gen0-norm-d-score": [0.957479, 1.73205, 0.903379, 1.1142, 0.894489, 1.26626, 0.896469, 1.00059], "gen0-sparsity": 3.52923e+13, "gen0-raw-winner": [3.72951e+06, 668, 5.68027e+06, 5.06278e+06], "gen0-norm-winner": [0.000548084, 0.893246, 0.00178633, 0.0432167], "gen0-winner-naw-d-score": 1.19839e+07, "gen0-winner-norm-d-score": 1.26626, "gen0-time": 38779, "gen1-front": [[3.72951e+06, 668, 5.68027e+06, 5.06278e+06], [3.72947e+06, 668, 5.663e+06, 5.08353e+06], [3.72943e+06, 669, 5.68036e+06, 5.06282e+06], [3.72552e+06, 697, 5.68859e+06, 5.07126e+06], [4.55909e+06, 549, 8.20130e+06, 4.83401e+06], [3.74167e+06, 672, 5.65218e+06, 5.10159e+06], [3.74577e+06, 717, 5.77036e+06, 5.01132e+06], [1.10078e+07, 258, 2.13766e+07, 1.01275e+07], [3.72951e+06, 668, 5.68027e+06, 5.06278e+06], [1.10078e+07, 258, 2.13766e+07, 1.01275e+07], [3.72943e+06, 669, 5.68036e+06, 5.06282e+06]], "gen1-norm-front": [[0.000548084, 0.893246, 0.00178633, 0.0432167], [0.000543265, 0.893246, 0.000687976, 0.0471359], [0.000537582, 0.895425, 0.00179199, 0.0432235], [0, 0.956427, 0.00231539, 0.0448183], [0.114466, 0.633987, 0.162113, 0], [0.00221754, 0.901961, 0, 0.0505486], [0.00278109, 1, 0.00751565, 0.0334945], [1, 0, 1, 1], [0.000548084, 0.893246, 0.00178633, 0.0432167], [1, 0, 1, 1], [0.000537582, 0.895425, 0.00179199, 0.0432235]], "gen1-raw-d-score": [1.37769e+07, 1.37792e+07, 1.52253e+07, 1.51433e+07, 1.51893e+07, 2.68802e+07, 2.82721e+07, 3.64778e+07, 2.82609e+07, 2.74318e+07, 8.47392e+06], "gen1-norm-d-score": [1.54973, 1.58699, 1.47029, 1.47364, 1.50249, 1.95379, 2.19068, 2.40827, 2.14512, 1.9503, 0.896469], "gen1-sparsity": 2.47046e+13, "gen1-raw-winner": [3.72951e+06, 668, 5.68027e+06, 5.06278e+06], "gen1-norm-winner": [0.000548084, 0.893246, 0.00178633, 0.0432167], "gen1-winner-raw-d-score": 1.37769e+07, "gen1-winner-norm-d-score": 1.54973, "gen1-time": 36279, "gen2-front": [[3.72951e+06, 668, 5.68027e+06, 5.06278e+06], [3.72943e+06, 669, 5.68036e+06, 5.06282e+06], [3.72947e+06, 668, 5.663e+06, 5.08353e+06], [3.72552e+06, 697, 5.68859e+06, 5.07126e+06], [4.55909e+06, 549, 8.20130e+06, 4.83401e+06], [3.74167e+06, 672, 5.65218e+06, 5.10159e+06], [3.74577e+06, 717, 5.77036e+06, 5.01132e+06], [1.10078e+07, 258, 2.13766e+07, 1.01275e+07], [3.72951e+06, 668, 5.68027e+06, 5.06278e+06], [1.10078e+07, 258, 2.13766e+07, 1.01275e+07]], "gen2-norm-front": [[0.000548084, 0.893246, 0.00178633, 0.0432167], [0.000537582, 0.895425, 0.00179199, 0.0432235], [0.000543265, 0.893246, 0.000687976, 0.0471359], [0, 0.956427, 0.00231539, 0.0448183], [0.114466, 0.633987, 0.162113, 0], [0.00221754, 0.901961, 0, 0.0505486], [0.00278109, 1, 0.00751565, 0.0334945], [1, 0, 1, 1], [0.000548084, 0.893246, 0.00178633, 0.0432167], [1, 0, 1, 1]], "gen2-raw-d-score": [1.19839e+07, 9.25672e+06, 8.47472e+06, 1.19907e+07, 1.12002e+07, 9.26729e+06, 8.51124e+06, 3.6897e+07, 1.38917e+07, 2.60901e+07], "gen2-norm-d-score": [0.894293, 1.31088, 0.894489, 1.3103, 0.664321, 1.61736, 1.34712, 1.73205, 1.9493, 1.73205], "gen2-sparsity": 2.74495e+13, "gen2-raw-winner": [3.72951e+06, 668, 5.68027e+06, 5.06278e+06], "gen2-norm-winner": [0.000548084, 0.893246, 0.00178633, 0.0432167], "gen2-winner-raw-d-score": 1.19839e+07, "gen2-winner-norm-d-score": 0.894293, "gen2-time": 36218, "gen3-front": [[3.72951e+06, 668, 5.68027e+06, 5.06278e+06], [3.72947e+06, 668, 5.663e+06, 5.08353e+06], [3.72943e+06, 669, 5.68036e+06, 5.06282e+06], [4.55909e+06, 549, 8.20130e+06, 4.83401e+06], [3.72552e+06, 697, 5.68859e+06, 5.07126e+06], [3.74167e+06, 672, 5.65218e+06, 5.10159e+06], [3.74577e+06, 717, 5.77036e+06, 5.01132e+06], [1.10078e+07, 258, 2.13766e+07, 1.01275e+07], [3.72951e+06, 668, 5.68027e+06, 5.06278e+06], [1.10078e+07, 258, 2.13766e+07, 1.01275e+07]], "gen3-norm-front": [[0.000548084, 0.893246, 0.00178633, 0.0432167], [0.000543265, 0.893246, 0.000687976, 0.0471359], [0.000537582, 0.895425, 0.00179199, 0.0432235], [0.114466, 0.633987, 0.162113, 0], [0, 0.956427, 0.00231539, 0.0448183], [0.00221754, 0.901961, 0, 0.0505486], [0.00278109, 1, 0.00751565, 0.0334945], [1, 0, 1, 1], [0.000548084, 0.893246, 0.00178633, 0.0432167], [1, 0, 1, 1]], "gen3-raw-d-score": [1.25513e+07, 1.28224e+07, 1.40393e+07, 1.40489e+07, 1.25683e+07, 1.62968e+07, 2.76956e+07, 2.9558e+07, 2.74318e+07, 2.60901e+07], "gen3-norm-d-score": [1.54973, 1.42085, 1.4696, 1.47364, 1.65314, 1.67848, 2.19068, 2.19084, 1.9493, 1.73205], "gen3-sparsity": 2.74495e+13, "gen3-raw-winner": [3.72951e+06, 668, 5.68027e+06, 5.06278e+06], "gen3-norm-winner": [0.000548084, 0.893246, 0.00178633, 0.0432167], "gen3-winner-raw-d-score": 1.25513e+07, "gen3-winner-norm-d-score": 1.54973, "gen3-time": 34308, "gen4-front": [[3.72951e+06, 668, 5.68027e+06, 5.06278e+06], [3.72947e+06, 668, 5.663e+06, 5.08353e+06], [3.72943e+06, 669, 5.68036e+06, 5.06282e+06], [4.55909e+06, 549, 8.20130e+06, 4.83401e+06], [3.72552e+06, 697, 5.68859e+06, 5.07126e+06], [3.74167e+06, 672, 5.65218e+06, 5.10159e+06], [3.74577e+06, 717, 5.77036e+06, 5.01132e+06], [1.10078e+07, 258, 2.13766e+07, 1.01275e+07], [3.72951e+06, 668, 5.68027e+06, 5.06278e+06], [1.10078e+07, 258, 2.13766e+07, 1.01275e+07]], "gen4-norm-front": [[0.000548084, 0.893246, 0.00178633, 0.0432167], [0.000543265, 0.893246, 0.000687976, 0.0471359], [0.000537582, 0.895425, 0.00179199, 0.0432235], [0.114466, 0.633987, 0.162113, 0], [0, 0.956427, 0.00231539, 0.0448183], [0.00221754, 0.901961, 0, 0.0505486], [0.00278109, 1, 0.00751565, 0.0334945], [1, 0, 1, 1], [0.000548084, 0.893246, 0.00178633, 0.0432167], [1, 0, 1, 1]], "gen4-raw-d-score": [1.25513e+07, 1.28224e+07, 1.40393e+07, 1.40489e+07, 1.25683e+07, 1.62968e+07, 2.76956e+07, 2.9558e+07, 2.74318e+07, 2.60901e+07], "gen4-norm-d-score": [1.54973, 1.42085, 1.4696, 1.47364, 1.65314, 1.67848, 2.19068, 2.19084, 1.9493, 1.73205], "gen4-sparsity": 2.74495e+13, "gen4-raw-winner": [3.72951e+06, 668, 5.68027e+06, 5.06278e+06], "gen4-norm-winner": [0.000548084, 0.893246, 0.00178633, 0.0432167], "gen4-winner-raw-d-score": 1.25513e+07, "gen4-winner-norm-d-score": 1.54973, "gen4-time": 34085, "gen5-front": [[3.72951e+06, 668, 5.68027e+06, 5.06278e+06], [3.72947e+06, 668, 5.663e+06, 5.08353e+06], [3.72943e+06, 669, 5.68036e+06, 5.06282e+06], [4.55909e+06, 549, 8.20130e+06, 4.83401e+06], [3.72552e+06, 697, 5.68859e+06, 5.07126e+06], [3.74167e+06, 672, 5.65218e+06, 5.10159e+06], [3.74577e+06, 717, 5.77036e+06, 5.01132e+06], [1.10078e+07, 258, 2.13766e+07, 1.01275e+07], [3.72951e+06, 668, 5.68027e+06, 5.06278e+06], [1.10078e+07, 258, 2.13766e+07, 1.01275e+07]], "gen5-norm-front": [[0.000548084, 0.893246, 0.00178633, 0.0432167], [0.000543265, 0.893246, 0.000687976, 0.0471359], [0.000537582, 0.895425, 0.00179199, 0.0432235], [0.114466, 0.633987, 0.162113, 0], [0, 0.956427, 0.00231539, 0.0448183], [0.00221754, 0.901961, 0, 0.0505486], [0.00278109, 1, 0.00751565, 0.0334945], [1, 0, 1, 1], [0.000548084, 0.893246, 0.00178633, 0.0432167], [1, 0, 1, 1]], "gen5-raw-d-score": [1.25513e+07, 1.28224e+07, 1.40393e+07, 1.40489e+07, 1.25683e+07, 1.62968e+07, 2.76956e+07, 2.9558e+07, 2.74318e+07, 2.60901e+07], "gen5-norm-d-score": [1.54973, 1.42085, 1.4696, 1.47364, 1.65314, 1.67848, 2.19068, 2.19084, 1.9493, 1.73205], "gen5-sparsity": 2.74495e+13, "gen5-raw-winner": [3.72951e+06, 668, 5.68027e+06, 5.06278e+06], "gen5-norm-winner": [0.000548084, 0.893246, 0.00178633, 0.0432167], "gen5-winner-raw-d-score": 1.25513e+07, "gen5-winner-norm-d-score": 1.54973, "gen5-time": 34763}, {"source": 288977, "target": 166769, "gen0-front": [[2.80651e+06, 1714, 4.27666e+06, 3.70789e+06], [4.09024e+06, 1341, 6.99695e+06, 4.58375e+06], [2.81635e+06, 1696, 4.27166e+06, 3.70556e+06], [3.02103e+06, 2702, 4.93786e+06, 3.63746e+06], [2.80651e+06, 1714, 4.27666e+06, 3.70789e+06], [2.80787e+06, 1705, 4.27346e+06, 3.70628e+06], [2.80801e+06, 1702, 4.27525e+06, 3.70449e+06], [2.80787e+06, 1705, 4.27346e+06, 3.70628e+06], [2.80801e+06, 1702, 4.27525e+06, 3.70449e+06]], "gen0-norm-front": [[0, 0.274063, 0.0018354, 0.0744206], [1, 0, 1, 1], [0.00766964, 0.260838, 0, 0.0719594], [0.167109, 1, 0.244449, 0], [0, 0.274063, 0.0018354, 0.0744206], [0.00106449, 0.26745, 0.000658279, 0.0727224], [0.00116955, 0.265246, 0.00131546, 0.0708318], [0.00106449, 0.26745, 0.000658279, 0.0727224], [0.00116955, 0.265246, 0.00131546, 0.0708318]], "gen0-raw-d-score": [6.31781e+06, 9.31118e+06, 6.31744e+06, 6.83668e+06, 6.31781e+06, 6.31531e+06, 6.31553e+06, 6.31531e+06, 6.31553e+06], "gen0-norm-d-score": [0.283994, 1.73205, 0.27069, 1.04292, 0.283994, 0.277164, 0.274546, 0.277164, 0.274546], "gen0-sparsity": 8.29231e+11, "gen0-raw-winner": [2.81635e+06, 1696, 4.27166e+06, 3.70556e+06], "gen0-norm-winner": [0.00766964, 0.260838, 0, 0.0719594], "gen0-winner-naw-d-score": 6.31744e+06, "gen0-winner-norm-d-score": 0.27069, "gen0-time": 10215, "gen1-front": [[2.81635e+06, 1696, 4.27166e+06, 3.70556e+06], [2.80801e+06, 1702, 4.27525e+06, 3.70449e+06], [2.80787e+06, 1705, 4.27346e+06, 3.70628e+06], [2.80651e+06, 1714, 4.27666e+06, 3.70789e+06], [3.02103e+06, 2702, 4.93786e+06, 3.63746e+06], [4.09024e+06, 1341, 6.99695e+06, 4.58375e+06], [2.80787e+06, 1705, 4.27346e+06, 3.70628e+06], [2.80801e+06, 1702, 4.27525e+06, 3.70449e+06], [4.09024e+06, 1341, 6.99695e+06, 4.58375e+06], [2.80801e+06, 1702, 4.27525e+06, 3.70449e+06]], "gen1-norm-front": [[0.00766964, 0.260838, 0, 0.0719594], [0.00116955, 0.265246, 0.00131546, 0.0708318], [0.00106449, 0.26745, 0.000658279, 0.0727224], [0, 0.274063, 0.0018354, 0.0744206], [0.167109, 1, 0.244449, 0], [1, 0, 1, 1], [0.00106449, 0.26745, 0.000658279, 0.0727224], [0.00116955, 0.265246, 0.00131546, 0.0708318], [1, 0, 1, 1], [0.00116955, 0.265246, 0.00131546, 0.0708318]], "gen1-raw-d-score": [9.36377e+06, 9.36191e+06, 9.42998e+06, 1.01678e+07, 1.18879e+07, 1.15959e+07, 9.82339e+06, 1.15961e+07, 1.1251e+07, 6.31553e+06], "gen1-norm-d-score": [0.469233, 0.476766, 1.08876, 1.47253, 2.03941, 1.77403, 1.0734, 1.77362, 1.75367, 0.274546], "gen1-sparsity": 7.37094e+11, "gen1-raw-winner": [2.81635e+06, 1696, 4.27166e+06, 3.70556e+06], "gen1-norm-winner": [0.00766964, 0.260838, 0, 0.0719594], "gen1-winner-raw-d-score": 9.36377e+06, "gen1-winner-norm-d-score": 0.469233, "gen1-time": 9082, "gen2-front": [[2.81635e+06, 1696, 4.27166e+06, 3.70556e+06], [2.80801e+06, 1702, 4.27525e+06, 3.70449e+06], [2.80787e+06, 1705, 4.27346e+06, 3.70628e+06], [2.80651e+06, 1714, 4.27666e+06, 3.70789e+06], [3.02103e+06, 2702, 4.93786e+06, 3.63746e+06], [4.09024e+06, 1341, 6.99695e+06, 4.58375e+06], [2.80787e+06, 1705, 4.27346e+06, 3.70628e+06], [2.80801e+06, 1702, 4.27525e+06, 3.70449e+06], [4.09024e+06, 1341, 6.99695e+06, 4.58375e+06]], "gen2-norm-front": [[0.00766964, 0.260838, 0, 0.0719594], [0.00116955, 0.265246, 0.00131546, 0.0708318], [0.00106449, 0.26745, 0.000658279, 0.0727224], [0, 0.274063, 0.0018354, 0.0744206], [0.167109, 1, 0.244449, 0], [1, 0, 1, 1], [0.00106449, 0.26745, 0.000658279, 0.0727224], [0.00116955, 0.265246, 0.00131546, 0.0708318], [1, 0, 1, 1]], "gen2-raw-d-score": [9.36377e+06, 9.36191e+06, 9.42998e+06, 1.01678e+07, 1.18879e+07, 1.15959e+07, 9.82339e+06, 1.1251e+07, 9.31118e+06], "gen2-norm-d-score": [0.385552, 0.390123, 0.430578, 1.47253, 2.0218, 1.75409, 1.0734, 1.75367, 1.73205], "gen2-sparsity": 8.29231e+11, "gen2-raw-winner": [2.81635e+06, 1696, 4.27166e+06, 3.70556e+06], "gen2-norm-winner": [0.00766964, 0.260838, 0, 0.0719594], "gen2-winner-raw-d-score": 9.36377e+06, "gen2-winner-norm-d-score": 0.385552, "gen2-time": 8959, "gen3-front": [[2.81635e+06, 1696, 4.27166e+06, 3.70556e+06], [2.80801e+06, 1702, 4.27525e+06, 3.70449e+06], [2.80787e+06, 1705, 4.27346e+06, 3.70628e+06], [2.80651e+06, 1714, 4.27666e+06, 3.70789e+06], [3.02103e+06, 2702, 4.93786e+06, 3.63746e+06], [4.09024e+06, 1341, 6.99695e+06, 4.58375e+06], [2.80787e+06, 1705, 4.27346e+06, 3.70628e+06], [2.80801e+06, 1702, 4.27525e+06, 3.70449e+06], [4.09024e+06, 1341, 6.99695e+06, 4.58375e+06], [2.8071e+06, 1708, 4.27676e+06, 3.70527e+06]], "gen3-norm-front": [[0.00766964, 0.260838, 0, 0.0719594], [0.00116955, 0.265246, 0.00131546, 0.0708318], [0.00106449, 0.26745, 0.000658279, 0.0727224], [0, 0.274063, 0.0018354, 0.0744206], [0.167109, 1, 0.244449, 0], [1, 0, 1, 1], [0.00106449, 0.26745, 0.000658279, 0.0727224], [0.00116955, 0.265246, 0.00131546, 0.0708318], [1, 0, 1, 1], [0.000459489, 0.269655, 0.00186989, 0.0716561]], "gen3-raw-d-score": [9.36377e+06, 9.36191e+06, 9.42998e+06, 1.01678e+07, 1.18879e+07, 1.15959e+07, 9.82339e+06, 1.15959e+07, 1.12516e+07, 6.3166e+06], "gen3-norm-d-score": [0.469233, 0.476766, 1.08876, 1.47253, 2.03941, 1.77403, 1.0734, 1.77429, 1.75438, 0.27902], "gen3-sparsity": 7.3708e+11, "gen3-raw-winner": [2.81635e+06, 1696, 4.27166e+06, 3.70556e+06], "gen3-norm-winner": [0.00766964, 0.260838, 0, 0.0719594], "gen3-winner-raw-d-score": 9.36377e+06, "gen3-winner-norm-d-score": 0.469233, "gen3-time": 9153, "gen4-front": [[2.81635e+06, 1696, 4.27166e+06, 3.70556e+06], [2.80801e+06, 1702, 4.27525e+06, 3.70449e+06], [2.80787e+06, 1705, 4.27346e+06, 3.70628e+06], [2.8071e+06, 1708, 4.27676e+06, 3.70527e+06], [2.80651e+06, 1714, 4.27666e+06, 3.70789e+06], [3.02103e+06, 2702, 4.93786e+06, 3.63746e+06], [4.09024e+06, 1341, 6.99695e+06, 4.58375e+06], [2.80787e+06, 1705, 4.27346e+06, 3.70628e+06], [2.80801e+06, 1702, 4.27525e+06, 3.70449e+06], [4.09024e+06, 1341, 6.99695e+06, 4.58375e+06]], "gen4-norm-front": [[0.00766964, 0.260838, 0, 0.0719594], [0.00116955, 0.265246, 0.00131546, 0.0708318], [0.00106449, 0.26745, 0.000658279, 0.0727224], [0.000459489, 0.269655, 0.00186989, 0.0716561], [0, 0.274063, 0.0018354, 0.0744206], [0.167109, 1, 0.244449, 0], [1, 0, 1, 1], [0.00106449, 0.26745, 0.000658279, 0.0727224], [0.00116955, 0.265246, 0.00131546, 0.0708318], [1, 0, 1, 1]], "gen4-raw-d-score": [9.36377e+06, 9.36209e+06, 9.36264e+06, 9.43084e+06, 1.01678e+07, 1.18879e+07, 1.15959e+07, 9.82339e+06, 1.1251e+07, 9.31118e+06], "gen4-norm-d-score": [0.469233, 0.474246, 0.479356, 1.08923, 1.47253, 2.03941, 1.77403, 1.0734, 1.75367, 1.73205], "gen4-sparsity": 7.3708e+11, "gen4-raw-winner": [2.81635e+06, 1696, 4.27166e+06, 3.70556e+06], "gen4-norm-winner": [0.00766964, 0.260838, 0, 0.0719594], "gen4-winner-raw-d-score": 9.36377e+06, "gen4-winner-norm-d-score": 0.469233, "gen4-time": 9248, "gen5-front": [[2.81635e+06, 1696, 4.27166e+06, 3.70556e+06], [2.80801e+06, 1702, 4.27525e+06, 3.70449e+06], [2.80787e+06, 1705, 4.27346e+06, 3.70628e+06], [2.8071e+06, 1708, 4.27676e+06, 3.70527e+06], [2.80651e+06, 1714, 4.27666e+06, 3.70789e+06], [3.02103e+06, 2702, 4.93786e+06, 3.63746e+06], [4.09024e+06, 1341, 6.99695e+06, 4.58375e+06], [2.80787e+06, 1705, 4.27346e+06, 3.70628e+06], [2.80801e+06, 1702, 4.27525e+06, 3.70449e+06], [4.09024e+06, 1341, 6.99695e+06, 4.58375e+06]], "gen5-norm-front": [[0.00766964, 0.260838, 0, 0.0719594], [0.00116955, 0.265246, 0.00131546, 0.0708318], [0.00106449, 0.26745, 0.000658279, 0.0727224], [0.000459489, 0.269655, 0.00186989, 0.0716561], [0, 0.274063, 0.0018354, 0.0744206], [0.167109, 1, 0.244449, 0], [1, 0, 1, 1], [0.00106449, 0.26745, 0.000658279, 0.0727224], [0.00116955, 0.265246, 0.00131546, 0.0708318], [1, 0, 1, 1]], "gen5-raw-d-score": [9.36377e+06, 9.36209e+06, 9.36264e+06, 9.43084e+06, 1.01678e+07, 1.18879e+07, 1.15959e+07, 9.82339e+06, 1.1251e+07, 9.31118e+06], "gen5-norm-d-score": [0.469233, 0.474246, 0.479356, 1.08923, 1.47253, 2.03941, 1.77403, 1.0734, 1.75367, 1.73205], "gen5-sparsity": 7.3708e+11, "gen5-raw-winner": [2.81635e+06, 1696, 4.27166e+06, 3.70556e+06], "gen5-norm-winner": [0.00766964, 0.260838, 0, 0.0719594], "gen5-winner-raw-d-score": 9.36377e+06, "gen5-winner-norm-d-score": 0.469233, "gen5-time": 9180}, {"source": 947024, "target": 557958, "gen0-front": [[1.67408e+06, 241, 2.51096e+06, 2.24746e+06], [4.67279e+06, 110, 9.08816e+06, 4.20774e+06], [1.67638e+06, 245, 2.51046e+06, 2.25298e+06], [1.73212e+06, 217, 2.6856e+06, 2.22828e+06], [1.67408e+06, 241, 2.51096e+06, 2.24746e+06]], "gen0-norm-front": [[0, 0.97037, 7.61664e-05, 0.009688], [1, 0, 1, 1], [0.000768796, 1, 0, 0.0124802], [0.0193558, 0.792593, 0.0266257, 0], [0, 0.97037, 7.61664e-05, 0.009688]], "gen0-raw-d-score": [5.99946e+06, 1.11779e+07, 4.14594e+06, 4.24033e+06, 3.76278e+06], "gen0-norm-d-score": [1.39345, 1.73205, 1.00027, 0.793276, 0.970419], "gen0-sparsity": 1.33739e+13, "gen0-raw-winner": [1.67408e+06, 241, 2.51096e+06, 2.24746e+06], "gen0-norm-winner": [0, 0.97037, 7.61664e-05, 0.009688], "gen0-winner-naw-d-score": 3.76278e+06, "gen0-winner-norm-d-score": 0.970419, "gen0-time": 22048, "gen1-front": [[1.67408e+06, 241, 2.51096e+06, 2.24746e+06], [1.73212e+06, 217, 2.6856e+06, 2.22828e+06], [1.67638e+06, 245, 2.51046e+06, 2.25298e+06], [4.67279e+06, 110, 9.08816e+06, 4.20774e+06], [1.67408e+06, 241, 2.51096e+06, 2.24746e+06], [4.67279e+06, 110, 9.08816e+06, 4.20774e+06], [1.67408e+06, 241, 2.51096e+06, 2.24746e+06]], "gen1-norm-front": [[0, 0.97037, 7.61664e-05, 0.009688], [0.0193558, 0.792593, 0.0266257, 0], [0.000768796, 1, 0, 0.0124802], [1, 0, 1, 1], [0, 0.97037, 7.61664e-05, 0.009688], [1, 0, 1, 1], [0, 0.97037, 7.61664e-05, 0.009688]], "gen1-raw-d-score": [4.93672e+06, 4.92855e+06, 1.08912e+07, 1.14561e+07, 1.08898e+07, 1.14561e+07, 3.76278e+06], "gen1-norm-d-score": [1.2534, 1.27644, 1.7321, 1.98535, 1.71514, 1.98535, 0.970419], "gen1-sparsity": 8.91592e+12, "gen1-raw-winner": [1.67408e+06, 241, 2.51096e+06, 2.24746e+06], "gen1-norm-winner": [0, 0.97037, 7.61664e-05, 0.009688], "gen1-winner-raw-d-score": 3.76278e+06, "gen1-winner-norm-d-score": 0.970419, "gen1-time": 20581, "gen2-front": [[1.67408e+06, 241, 2.51096e+06, 2.24746e+06], [1.73212e+06, 217, 2.6856e+06, 2.22828e+06], [1.67638e+06, 245, 2.51046e+06, 2.25298e+06], [4.67279e+06, 110, 9.08816e+06, 4.20774e+06], [1.67408e+06, 241, 2.51096e+06, 2.24746e+06], [4.67279e+06, 110, 9.08816e+06, 4.20774e+06], [1.67408e+06, 241, 2.51096e+06, 2.24746e+06]], "gen2-norm-front": [[0, 0.97037, 7.61664e-05, 0.009688], [0.0193558, 0.792593, 0.0266257, 0], [0.000768796, 1, 0, 0.0124802], [1, 0, 1, 1], [0, 0.97037, 7.61664e-05, 0.009688], [1, 0, 1, 1], [0, 0.97037, 7.61664e-05, 0.009688]], "gen2-raw-d-score": [4.93672e+06, 4.92855e+06, 1.08912e+07, 1.14561e+07, 1.08898e+07, 1.14561e+07, 3.76278e+06], "gen2-norm-d-score": [1.2534, 1.27644, 1.7321, 1.98535, 1.71514, 1.98535, 0.970419], "gen2-sparsity": 8.91592e+12, "gen2-raw-winner": [1.67408e+06, 241, 2.51096e+06, 2.24746e+06], "gen2-norm-winner": [0, 0.97037, 7.61664e-05, 0.009688], "gen2-winner-raw-d-score": 3.76278e+06, "gen2-winner-norm-d-score": 0.970419, "gen2-time": 18524, "gen3-front": [[1.67408e+06, 241, 2.51096e+06, 2.24746e+06], [1.73212e+06, 217, 2.6856e+06, 2.22828e+06], [1.67638e+06, 245, 2.51046e+06, 2.25298e+06], [4.67279e+06, 110, 9.08816e+06, 4.20774e+06], [1.67408e+06, 241, 2.51096e+06, 2.24746e+06], [4.67279e+06, 110, 9.08816e+06, 4.20774e+06], [1.67408e+06, 241, 2.51096e+06, 2.24746e+06]], "gen3-norm-front": [[0, 0.97037, 7.61664e-05, 0.009688], [0.0193558, 0.792593, 0.0266257, 0], [0.000768796, 1, 0, 0.0124802], [1, 0, 1, 1], [0, 0.97037, 7.61664e-05, 0.009688], [1, 0, 1, 1], [0, 0.97037, 7.61664e-05, 0.009688]], "gen3-raw-d-score": [4.93672e+06, 4.92855e+06, 1.08912e+07, 1.14561e+07, 1.08898e+07, 1.14561e+07, 3.76278e+06], "gen3-norm-d-score": [1.2534, 1.27644, 1.7321, 1.98535, 1.71514, 1.98535, 0.970419], "gen3-sparsity": 8.91592e+12, "gen3-raw-winner": [1.67408e+06, 241, 2.51096e+06, 2.24746e+06], "gen3-norm-winner": [0, 0.97037, 7.61664e-05, 0.009688], "gen3-winner-raw-d-score": 3.76278e+06, "gen3-winner-norm-d-score": 0.970419, "gen3-time": 18287, "gen4-front": [[1.67408e+06, 241, 2.51096e+06, 2.24746e+06], [1.73212e+06, 217, 2.6856e+06, 2.22828e+06], [1.67638e+06, 245, 2.51046e+06, 2.25298e+06], [4.67279e+06, 110, 9.08816e+06, 4.20774e+06], [1.67408e+06, 241, 2.51096e+06, 2.24746e+06], [4.67279e+06, 110, 9.08816e+06, 4.20774e+06], [1.67408e+06, 241, 2.51096e+06, 2.24746e+06]], "gen4-norm-front": [[0, 0.97037, 7.61664e-05, 0.009688], [0.0193558, 0.792593, 0.0266257, 0], [0.000768796, 1, 0, 0.0124802], [1, 0, 1, 1], [0, 0.97037, 7.61664e-05, 0.009688], [1, 0, 1, 1], [0, 0.97037, 7.61664e-05, 0.009688]], "gen4-raw-d-score": [4.93672e+06, 4.92855e+06, 1.08912e+07, 1.14561e+07, 1.08898e+07, 1.14561e+07, 3.76278e+06], "gen4-norm-d-score": [1.2534, 1.27644, 1.7321, 1.98535, 1.71514, 1.98535, 0.970419], "gen4-sparsity": 8.91592e+12, "gen4-raw-winner": [1.67408e+06, 241, 2.51096e+06, 2.24746e+06], "gen4-norm-winner": [0, 0.97037, 7.61664e-05, 0.009688], "gen4-winner-raw-d-score": 3.76278e+06, "gen4-winner-norm-d-score": 0.970419, "gen4-time": 18371, "gen5-front": [[1.67408e+06, 241, 2.51096e+06, 2.24746e+06], [1.73212e+06, 217, 2.6856e+06, 2.22828e+06], [1.67638e+06, 245, 2.51046e+06, 2.25298e+06], [4.67279e+06, 110, 9.08816e+06, 4.20774e+06], [1.67408e+06, 241, 2.51096e+06, 2.24746e+06], [4.67279e+06, 110, 9.08816e+06, 4.20774e+06], [1.67408e+06, 241, 2.51096e+06, 2.24746e+06]], "gen5-norm-front": [[0, 0.97037, 7.61664e-05, 0.009688], [0.0193558, 0.792593, 0.0266257, 0], [0.000768796, 1, 0, 0.0124802], [1, 0, 1, 1], [0, 0.97037, 7.61664e-05, 0.009688], [1, 0, 1, 1], [0, 0.97037, 7.61664e-05, 0.009688]], "gen5-raw-d-score": [4.93672e+06, 4.92855e+06, 1.08912e+07, 1.14561e+07, 1.08898e+07, 1.14561e+07, 3.76278e+06], "gen5-norm-d-score": [1.2534, 1.27644, 1.7321, 1.98535, 1.71514, 1.98535, 0.970419], "gen5-sparsity": 8.91592e+12, "gen5-raw-winner": [1.67408e+06, 241, 2.51096e+06, 2.24746e+06], "gen5-norm-winner": [0, 0.97037, 7.61664e-05, 0.009688], "gen5-winner-raw-d-score": 3.76278e+06, "gen5-winner-norm-d-score": 0.970419, "gen5-time": 18539}, {"source": 428325, "target": 234929, "gen0-front": [[3.65297e+06, 837, 5.53777e+06, 4.91754e+06], [9.80961e+06, 275, 1.87534e+07, 9.30869e+06], [3.66424e+06, 848, 5.5172e+06, 4.94474e+06], [3.81575e+06, 1074, 6.17838e+06, 4.72339e+06], [3.65307e+06, 842, 5.52167e+06, 4.9258e+06], [3.65304e+06, 835, 5.53699e+06, 4.91635e+06], [3.65307e+06, 842, 5.52167e+06, 4.9258e+06]], "gen0-norm-front": [[0, 0.703379, 0.0015546, 0.0423429], [1, 0, 1, 1], [0.00183054, 0.717146, 0, 0.0482744], [0.0264393, 1, 0.0499528, 0], [1.52585e-05, 0.709637, 0.000338238, 0.0441432], [1.06248e-05, 0.700876, 0.00149514, 0.0420822], [1.52585e-05, 0.709637, 0.000338238, 0.0441432]], "gen0-raw-d-score": [2.27181e+07, 2.40507e+07, 1.10022e+07, 1.09031e+07, 1.05877e+07, 1.05833e+07, 8.25211e+06], "gen0-norm-d-score": [1.58004, 1.87465, 1.23281, 1.22751, 0.99838, 0.998291, 0.711009], "gen0-sparsity": 3.55956e+13, "gen0-raw-winner": [3.65304e+06, 835, 5.53699e+06, 4.91635e+06], "gen0-norm-winner": [1.06248e-05, 0.700876, 0.00149514, 0.0420822], "gen0-winner-naw-d-score": 1.05833e+07, "gen0-winner-norm-d-score": 0.998291, "gen0-time": 36464, "gen1-front": [[3.65304e+06, 835, 5.53699e+06, 4.91635e+06], [3.65297e+06, 837, 5.53777e+06, 4.91754e+06], [3.65307e+06, 842, 5.52167e+06, 4.9258e+06], [3.66424e+06, 848, 5.5172e+06, 4.94474e+06], [3.81575e+06, 1074, 6.17838e+06, 4.72339e+06], [9.80961e+06, 275, 1.87534e+07, 9.30869e+06], [3.65307e+06, 842, 5.52167e+06, 4.9258e+06], [9.80961e+06, 275, 1.87534e+07, 9.30869e+06], [3.66477e+06, 770, 5.64224e+06, 4.82757e+06]], "gen1-norm-front": [[1.06248e-05, 0.700876, 0.00149514, 0.0420822], [0, 0.703379, 0.0015546, 0.0423429], [1.52585e-05, 0.709637, 0.000338238, 0.0441432], [0.00183054, 0.717146, 0, 0.0482744], [0.0264393, 1, 0.0499528, 0], [1, 0, 1, 1], [1.52585e-05, 0.709637, 0.000338238, 0.0441432], [1, 0, 1, 1], [0.00191519, 0.619524, 0.00944739, 0.0227219]], "gen1-raw-d-score": [1.22357e+07, 1.22359e+07, 1.22871e+07, 1.54786e+07, 2.49592e+07, 2.64367e+07, 2.48214e+07, 2.4559e+07, 8.28075e+06], "gen1-norm-d-score": [0.994755, 1.00104, 1.01137, 1.5874, 2.0008, 2.12262, 1.87231, 1.83968, 0.620016], "gen1-sparsity": 2.66804e+13, "gen1-raw-winner": [3.65304e+06, 835, 5.53699e+06, 4.91635e+06], "gen1-norm-winner": [1.06248e-05, 0.700876, 0.00149514, 0.0420822], "gen1-winner-raw-d-score": 1.22357e+07, "gen1-winner-norm-d-score": 0.994755, "gen1-time": 32880, "gen2-front": [[3.65304e+06, 835, 5.53699e+06, 4.91635e+06], [3.65297e+06, 837, 5.53777e+06, 4.91754e+06], [3.66477e+06, 770, 5.64224e+06, 4.82757e+06], [3.65307e+06, 842, 5.52167e+06, 4.9258e+06], [3.66424e+06, 848, 5.5172e+06, 4.94474e+06], [3.81575e+06, 1074, 6.17838e+06, 4.72339e+06], [9.80961e+06, 275, 1.87534e+07, 9.30869e+06], [3.65307e+06, 842, 5.52167e+06, 4.9258e+06], [9.80961e+06, 275, 1.87534e+07, 9.30869e+06], [3.65307e+06, 842, 5.52167e+06, 4.9258e+06]], "gen2-norm-front": [[1.06248e-05, 0.700876, 0.00149514, 0.0420822], [0, 0.703379, 0.0015546, 0.0423429], [0.00191519, 0.619524, 0.00944739, 0.0227219], [1.52585e-05, 0.709637, 0.000338238, 0.0441432], [0.00183054, 0.717146, 0, 0.0482744], [0.0264393, 1, 0.0499528, 0], [1, 0, 1, 1], [1.52585e-05, 0.709637, 0.000338238, 0.0441432], [1, 0, 1, 1], [1.52585e-05, 0.709637, 0.000338238, 0.0441432]], "gen2-raw-d-score": [8.25672e+06, 8.25793e+06, 8.28075e+06, 9.02906e+06, 1.19733e+07, 1.30871e+07, 2.45493e+07, 8.25211e+06, 2.31208e+07, 8.25211e+06], "gen2-norm-d-score": [0.993852, 0.704654, 1.18501, 1.42227, 1.5874, 2.12292, 2.12262, 1.87231, 1.87179, 0.711009], "gen2-sparsity": 2.37159e+13, "gen2-raw-winner": [3.65304e+06, 835, 5.53699e+06, 4.91635e+06], "gen2-norm-winner": [1.06248e-05, 0.700876, 0.00149514, 0.0420822], "gen2-winner-raw-d-score": 8.25672e+06, "gen2-winner-norm-d-score": 0.993852, "gen2-time": 32566, "gen3-front": [[3.65304e+06, 835, 5.53699e+06, 4.91635e+06], [3.65297e+06, 837, 5.53777e+06, 4.91754e+06], [3.66477e+06, 770, 5.64224e+06, 4.82757e+06], [3.65307e+06, 842, 5.52167e+06, 4.9258e+06], [3.66424e+06, 848, 5.5172e+06, 4.94474e+06], [3.81575e+06, 1074, 6.17838e+06, 4.72339e+06], [9.80961e+06, 275, 1.87534e+07, 9.30869e+06], [3.65307e+06, 842, 5.52167e+06, 4.9258e+06], [9.80961e+06, 275, 1.87534e+07, 9.30869e+06]], "gen3-norm-front": [[1.06248e-05, 0.700876, 0.00149514, 0.0420822], [0, 0.703379, 0.0015546, 0.0423429], [0.00191519, 0.619524, 0.00944739, 0.0227219], [1.52585e-05, 0.709637, 0.000338238, 0.0441432], [0.00183054, 0.717146, 0, 0.0482744], [0.0264393, 1, 0.0499528, 0], [1, 0, 1, 1], [1.52585e-05, 0.709637, 0.000338238, 0.0441432], [1, 0, 1, 1]], "gen3-raw-d-score": [1.22392e+07, 1.22519e+07, 1.22513e+07, 1.22871e+07, 1.54786e+07, 2.49592e+07, 2.64367e+07, 2.45493e+07, 2.31208e+07], "gen3-norm-d-score": [0.994757, 0.938593, 0.943375, 1.01137, 1.5874, 2.0008, 2.12262, 1.87231, 1.73205], "gen3-sparsity": 2.66804e+13, "gen3-raw-winner": [3.65304e+06, 835, 5.53699e+06, 4.91635e+06], "gen3-norm-winner": [1.06248e-05, 0.700876, 0.00149514, 0.0420822], "gen3-winner-raw-d-score": 1.22392e+07, "gen3-winner-norm-d-score": 0.994757, "gen3-time": 32419, "gen4-front": [[3.65304e+06, 835, 5.53699e+06, 4.91635e+06], [3.65297e+06, 837, 5.53777e+06, 4.91754e+06], [3.66477e+06, 770, 5.64224e+06, 4.82757e+06], [3.65307e+06, 842, 5.52167e+06, 4.9258e+06], [3.66424e+06, 848, 5.5172e+06, 4.94474e+06], [3.81575e+06, 1074, 6.17838e+06, 4.72339e+06], [9.80961e+06, 275, 1.87534e+07, 9.30869e+06], [3.65307e+06, 842, 5.52167e+06, 4.9258e+06], [9.80961e+06, 275, 1.87534e+07, 9.30869e+06], [3.65467e+06, 835, 5.51886e+06, 4.93291e+06]], "gen4-norm-front": [[1.06248e-05, 0.700876, 0.00149514, 0.0420822], [0, 0.703379, 0.0015546, 0.0423429], [0.00191519, 0.619524, 0.00944739, 0.0227219], [1.52585e-05, 0.709637, 0.000338238, 0.0441432], [0.00183054, 0.717146, 0, 0.0482744], [0.0264393, 1, 0.0499528, 0], [1, 0, 1, 1], [1.52585e-05, 0.709637, 0.000338238, 0.0441432], [1, 0, 1, 1], [0.000276043, 0.700876, 0.000125791, 0.0456942]], "gen4-raw-d-score": [1.22392e+07, 1.22519e+07, 1.22513e+07, 1.22871e+07, 1.54786e+07, 2.49592e+07, 2.64367e+07, 2.48199e+07, 2.45504e+07, 8.25518e+06], "gen4-norm-d-score": [1.1719, 1.17667, 1.18501, 1.42227, 1.5874, 2.12292, 2.12262, 1.99919, 1.86904, 0.702364], "gen4-sparsity": 2.37159e+13, "gen4-raw-winner": [3.65304e+06, 835, 5.53699e+06, 4.91635e+06], "gen4-norm-winner": [1.06248e-05, 0.700876, 0.00149514, 0.0420822], "gen4-winner-raw-d-score": 1.22392e+07, "gen4-winner-norm-d-score": 1.1719, "gen4-time": 32602, "gen5-front": [[3.65304e+06, 835, 5.53699e+06, 4.91635e+06], [3.65297e+06, 837, 5.53777e+06, 4.91754e+06], [3.65467e+06, 835, 5.51886e+06, 4.93291e+06], [3.66477e+06, 770, 5.64224e+06, 4.82757e+06], [3.65307e+06, 842, 5.52167e+06, 4.9258e+06], [3.66424e+06, 848, 5.5172e+06, 4.94474e+06], [3.81575e+06, 1074, 6.17838e+06, 4.72339e+06], [9.80961e+06, 275, 1.87534e+07, 9.30869e+06], [3.65307e+06, 842, 5.52167e+06, 4.9258e+06], [9.80961e+06, 275, 1.87534e+07, 9.30869e+06]], "gen5-norm-front": [[1.06248e-05, 0.700876, 0.00149514, 0.0420822], [0, 0.703379, 0.0015546, 0.0423429], [0.000276043, 0.700876, 0.000125791, 0.0456942], [0.00191519, 0.619524, 0.00944739, 0.0227219], [1.52585e-05, 0.709637, 0.000338238, 0.0441432], [0.00183054, 0.717146, 0, 0.0482744], [0.0264393, 1, 0.0499528, 0], [1, 0, 1, 1], [1.52585e-05, 0.709637, 0.000338238, 0.0441432], [1, 0, 1, 1]], "gen5-raw-d-score": [1.22362e+07, 1.22381e+07, 1.22501e+07, 1.22513e+07, 1.22871e+07, 1.54786e+07, 2.49592e+07, 2.64367e+07, 2.45493e+07, 2.31208e+07], "gen5-norm-d-score": [1.21687, 1.17204, 1.1753, 1.18501, 1.42227, 1.5874, 2.12292, 2.12262, 1.87231, 1.73205], "gen5-sparsity": 2.37159e+13, "gen5-raw-winner": [3.65304e+06, 835, 5.53699e+06, 4.91635e+06], "gen5-norm-winner": [1.06248e-05, 0.700876, 0.00149514, 0.0420822], "gen5-winner-raw-d-score": 1.22362e+07, "gen5-winner-norm-d-score": 1.21687, "gen5-time": 32348}, {"source": 994813, "target": 73522, "gen0-front": [[2.67978e+06, 327, 3.89863e+06, 3.76004e+06], [8.81414e+06, 46, 1.7119e+07, 8.05092e+06], [2.67978e+06, 327, 3.89863e+06, 3.76004e+06], [2.97726e+06, 294, 4.76101e+06, 3.73828e+06], [2.6824e+06, 294, 3.89451e+06, 3.75769e+06], [2.67978e+06, 327, 3.89863e+06, 3.76004e+06], [2.6824e+06, 294, 3.89451e+06, 3.75769e+06]], "gen0-norm-front": [[0, 1, 0.000311694, 0.00504448], [1, 0, 1, 1], [0, 1, 0.000311694, 0.00504448], [0.0484945, 0.882562, 0.0655224, 0], [0.00042823, 0.882562, 0, 0.00450003], [0, 1, 0.000311694, 0.00504448], [0.00042823, 0.882562, 0, 0.00450003]], "gen0-raw-d-score": [2.01809e+07, 2.13997e+07, 8.24922e+06, 8.23823e+06, 7.67224e+06, 7.67339e+06, 6.04009e+06], "gen0-norm-d-score": [1.00001, 2, 1.33626, 1.25079, 1.33377, 1.33377, 0.882574], "gen0-sparsity": 3.43386e+13, "gen0-raw-winner": [2.6824e+06, 294, 3.89451e+06, 3.75769e+06], "gen0-norm-winner": [0.00042823, 0.882562, 0, 0.00450003], "gen0-winner-naw-d-score": 6.04009e+06, "gen0-winner-norm-d-score": 0.882574, "gen0-time": 32473, "gen1-front": [[2.6824e+06, 294, 3.89451e+06, 3.75769e+06], [2.67978e+06, 327, 3.89863e+06, 3.76004e+06], [2.97726e+06, 294, 4.76101e+06, 3.73828e+06], [2.67978e+06, 327, 3.89863e+06, 3.76004e+06], [8.81414e+06, 46, 1.7119e+07, 8.05092e+06], [2.6824e+06, 294, 3.89451e+06, 3.75769e+06], [8.81414e+06, 46, 1.7119e+07, 8.05092e+06], [2.6824e+06, 294, 3.89451e+06, 3.75769e+06], [2.67978e+06, 327, 3.89863e+06, 3.76004e+06], [2.6824e+06, 294, 3.89451e+06, 3.75769e+06]], "gen1-norm-front": [[0.00042823, 0.882562, 0, 0.00450003], [0, 1, 0.000311694, 0.00504448], [0.0484945, 0.882562, 0.0655224, 0], [0, 1, 0.000311694, 0.00504448], [1, 0, 1, 1], [0.00042823, 0.882562, 0, 0.00450003], [1, 0, 1, 1], [0.00042823, 0.882562, 0, 0.00450003], [0, 1, 0.000311694, 0.00504448], [0.00042823, 0.882562, 0, 0.00450003]], "gen1-raw-d-score": [9.04794e+06, 9.44487e+06, 1.26378e+07, 2.18925e+07, 2.34465e+07, 2.18917e+07, 2.18913e+07, 8.95524e+06, 8.54407e+06, 6.04009e+06], "gen1-norm-d-score": [1.60007, 1.66901, 1.66901, 2.18608, 2.18608, 2.13491, 2.18608, 1.59934, 1.33378, 0.882574], "gen1-sparsity": 2.28924e+13, "gen1-raw-winner": [2.6824e+06, 294, 3.89451e+06, 3.75769e+06], "gen1-norm-winner": [0.00042823, 0.882562, 0, 0.00450003], "gen1-winner-raw-d-score": 6.04009e+06, "gen1-winner-norm-d-score": 