{"data": [{"source": 178775, "target": 63882, "gen0-front": [[692759, 238, 1.10423e+06, 877274], [3.4524e+06, 101, 6.96406e+06, 2.88657e+06], [699726, 240, 1.07564e+06, 925006], [860932, 151, 1.64585e+06, 831901], [694226, 238, 1.09686e+06, 879558], [693267, 239, 1.10343e+06, 876792], [692877, 237, 1.10003e+06, 879295], [694226, 238, 1.09686e+06, 879558], [694337, 239, 1.08104e+06, 899386]], "gen0-norm-front": [[0, 0.985612, 0.00485563, 0.0220828], [1, 0, 1, 1], [0.00252441, 1, 0, 0.0453138], [0.0609401, 0.359712, 0.096837, 0], [0.000531311, 0.985612, 0.00360504, 0.0231944], [0.000183943, 0.992806, 0.00472045, 0.0218482], [4.27479e-05, 0.978417, 0.00414203, 0.0230664], [0.000531311, 0.985612, 0.00360504, 0.0231944], [0.000571807, 0.992806, 0.000917564, 0.0328446]], "gen0-raw-d-score": [8.46805e+06, 8.48486e+06, 2.66951e+06, 2.66109e+06, 2.32502e+06, 2.32641e+06, 2.32467e+06, 2.21773e+06, 1.56833e+06], "gen0-norm-d-score": [1.99297, 2.00144, 1.06983, 1.05568, 1.39934, 1.39428, 1.38918, 1.39954, 0.993349], "gen0-sparsity": 4.89619e+12, "gen0-raw-winner": [692877, 237, 1.10003e+06, 879295], "gen0-norm-winner": [4.27479e-05, 0.978417, 0.00414203, 0.0230664], "gen0-winner-naw-d-score": 2.32467e+06, "gen0-winner-norm-d-score": 1.38918, "gen0-time": 15714, "gen1-front": [[692877, 237, 1.10003e+06, 879295], [692759, 238, 1.10423e+06, 877274], [693267, 239, 1.10343e+06, 876792], [694226, 238, 1.09686e+06, 879558], [860932, 151, 1.64585e+06, 831901], [694337, 239, 1.08104e+06, 899386], [699726, 240, 1.07564e+06, 925006], [3.4524e+06, 101, 6.96406e+06, 2.88657e+06], [694226, 238, 1.09686e+06, 879558], [3.4524e+06, 101, 6.96406e+06, 2.88657e+06], [694337, 239, 1.08104e+06, 899386]], "gen1-norm-front": [[4.27479e-05, 0.978417, 0.00414203, 0.0230664], [0, 0.985612, 0.00485563, 0.0220828], [0.000183943, 0.992806, 0.00472045, 0.0218482], [0.000531311, 0.985612, 0.00360504, 0.0231944], [0.0609401, 0.359712, 0.096837, 0], [0.000571807, 0.992806, 0.000917564, 0.0328446], [0.00252441, 1, 0, 0.0453138], [1, 0, 1, 1], [0.000531311, 0.985612, 0.00360504, 0.0231944], [1, 0, 1, 1], [0.000571807, 0.992806, 0.000917564, 0.0328446]], "gen1-raw-d-score": [2.57494e+06, 2.5731e+06, 2.89408e+06, 2.87255e+06, 2.872e+06, 8.08573e+06, 8.5403e+06, 1.14728e+07, 8.53574e+06, 8.43855e+06, 1.56833e+06], "gen1-norm-d-score": [1.70748, 1.71159, 1.44935, 1.44918, 1.45919, 1.9972, 2.23014, 2.44376, 2.22658, 1.99668, 0.993349], "gen1-sparsity": 3.91695e+12, "gen1-raw-winner": [692877, 237, 1.10003e+06, 879295], "gen1-norm-winner": [4.27479e-05, 0.978417, 0.00414203, 0.0230664], "gen1-winner-raw-d-score": 2.57494e+06, "gen1-winner-norm-d-score": 1.70748, "gen1-time": 14623, "gen2-front": [[692877, 237, 1.10003e+06, 879295], [692759, 238, 1.10423e+06, 877274], [693267, 239, 1.10343e+06, 876792], [694226, 238, 1.09686e+06, 879558], [860932, 151, 1.64585e+06, 831901], [694337, 239, 1.08104e+06, 899386], [699726, 240, 1.07564e+06, 925006], [3.4524e+06, 101, 6.96406e+06, 2.88657e+06], [694226, 238, 1.09686e+06, 879558], [3.4524e+06, 101, 6.96406e+06, 2.88657e+06]], "gen2-norm-front": [[4.27479e-05, 0.978417, 0.00414203, 0.0230664], [0, 0.985612, 0.00485563, 0.0220828], [0.000183943, 0.992806, 0.00472045, 0.0218482], [0.000531311, 0.985612, 0.00360504, 0.0231944], [0.0609401, 0.359712, 0.096837, 0], [0.000571807, 0.992806, 0.000917564, 0.0328446], [0.00252441, 1, 0, 0.0453138], [1, 0, 1, 1], [0.000531311, 0.985612, 0.00360504, 0.0231944], [1, 0, 1, 1]], "gen2-raw-d-score": [1.56949e+06, 1.72002e+06, 1.57065e+06, 1.56802e+06, 2.03521e+06, 1.56833e+06, 1.58185e+06, 8.29153e+06, 1.56802e+06, 8.29153e+06], "gen2-norm-d-score": [0.978698, 0.985871, 0.993057, 0.985891, 0.377471, 0.993349, 1.00103, 1.73205, 0.985891, 1.73205], "gen2-sparsity": 4.35217e+12, "gen2-raw-winner": [692877, 237, 1.10003e+06, 879295], "gen2-norm-winner": [4.27479e-05, 0.978417, 0.00414203, 0.0230664], "gen2-winner-raw-d-score": 1.56949e+06, "gen2-winner-norm-d-score": 0.978698, "gen2-time": 14472, "gen3-front": [[692877, 237, 1.10003e+06, 879295], [692759, 238, 1.10423e+06, 877274], [693267, 239, 1.10343e+06, 876792], [694226, 238, 1.09686e+06, 879558], [860932, 151, 1.64585e+06, 831901], [694337, 239, 1.08104e+06, 899386], [699726, 240, 1.07564e+06, 925006], [3.4524e+06, 101, 6.96406e+06, 2.88657e+06], [694226, 238, 1.09686e+06, 879558], [3.4524e+06, 101, 6.96406e+06, 2.88657e+06]], "gen3-norm-front": [[4.27479e-05, 0.978417, 0.00414203, 0.0230664], [0, 0.985612, 0.00485563, 0.0220828], [0.000183943, 0.992806, 0.00472045, 0.0218482], [0.000531311, 0.985612, 0.00360504, 0.0231944], [0.0609401, 0.359712, 0.096837, 0], [0.000571807, 0.992806, 0.000917564, 0.0328446], [0.00252441, 1, 0, 0.0453138], [1, 0, 1, 1], [0.000531311, 0.985612, 0.00360504, 0.0231944], [1, 0, 1, 1]], "gen3-raw-d-score": [2.32653e+06, 2.3276e+06, 2.38051e+06, 2.66137e+06, 2.66296e+06, 4.10865e+06, 8.46957e+06, 9.11741e+06, 8.43849e+06, 8.29153e+06], "gen3-norm-d-score": [1.70747, 1.71159, 1.44612, 1.44918, 1.45919, 1.72882, 2.23013, 2.22979, 1.99298, 1.73205], "gen3-sparsity": 4.35217e+12, "gen3-raw-winner": [692877, 237, 1.10003e+06, 879295], "gen3-norm-winner": [4.27479e-05, 0.978417, 0.00414203, 0.0230664], "gen3-winner-raw-d-score": 2.32653e+06, "gen3-winner-norm-d-score": 1.70747, "gen3-time": 13929, "gen4-front": [[692877, 237, 1.10003e+06, 879295], [692759, 238, 1.10423e+06, 877274], [693267, 239, 1.10343e+06, 876792], [694226, 238, 1.09686e+06, 879558], [860932, 151, 1.64585e+06, 831901], [694337, 239, 1.08104e+06, 899386], [699726, 240, 1.07564e+06, 925006], [3.4524e+06, 101, 6.96406e+06, 2.88657e+06], [694226, 238, 1.09686e+06, 879558], [3.4524e+06, 101, 6.96406e+06, 2.88657e+06]], "gen4-norm-front": [[4.27479e-05, 0.978417, 0.00414203, 0.0230664], [0, 0.985612, 0.00485563, 0.0220828], [0.000183943, 0.992806, 0.00472045, 0.0218482], [0.000531311, 0.985612, 0.00360504, 0.0231944], [0.0609401, 0.359712, 0.096837, 0], [0.000571807, 0.992806, 0.000917564, 0.0328446], [0.00252441, 1, 0, 0.0453138], [1, 0, 1, 1], [0.000531311, 0.985612, 0.00360504, 0.0231944], [1, 0, 1, 1]], "gen4-raw-d-score": [2.32653e+06, 2.3276e+06, 2.38051e+06, 2.66137e+06, 2.66296e+06, 4.10865e+06, 8.46957e+06, 9.11741e+06, 8.43849e+06, 8.29153e+06], "gen4-norm-d-score": [1.70747, 1.71159, 1.44612, 1.44918, 1.45919, 1.72882, 2.23013, 2.22979, 1.99298, 1.73205], "gen4-sparsity": 4.35217e+12, "gen4-raw-winner": [692877, 237, 1.10003e+06, 879295], "gen4-norm-winner": [4.27479e-05, 0.978417, 0.00414203, 0.0230664], "gen4-winner-raw-d-score": 2.32653e+06, "gen4-winner-norm-d-score": 1.70747, "gen4-time": 13940, "gen5-front": [[692877, 237, 1.10003e+06, 879295], [692759, 238, 1.10423e+06, 877274], [693267, 239, 1.10343e+06, 876792], [694226, 238, 1.09686e+06, 879558], [860932, 151, 1.64585e+06, 831901], [694337, 239, 1.08104e+06, 899386], [699726, 240, 1.07564e+06, 925006], [3.4524e+06, 101, 6.96406e+06, 2.88657e+06], [694226, 238, 1.09686e+06, 879558], [3.4524e+06, 101, 6.96406e+06, 2.88657e+06]], "gen5-norm-front": [[4.27479e-05, 0.978417, 0.00414203, 0.0230664], [0, 0.985612, 0.00485563, 0.0220828], [0.000183943, 0.992806, 0.00472045, 0.0218482], [0.000531311, 0.985612, 0.00360504, 0.0231944], [0.0609401, 0.359712, 0.096837, 0], [0.000571807, 0.992806, 0.000917564, 0.0328446], [0.00252441, 1, 0, 0.0453138], [1, 0, 1, 1], [0.000531311, 0.985612, 0.00360504, 0.0231944], [1, 0, 1, 1]], "gen5-raw-d-score": [2.32653e+06, 2.3276e+06, 2.38051e+06, 2.66137e+06, 2.66296e+06, 4.10865e+06, 8.46957e+06, 9.11741e+06, 8.43849e+06, 8.29153e+06], "gen5-norm-d-score": [1.70747, 1.71159, 1.44612, 1.44918, 1.45919, 1.72882, 2.23013, 2.22979, 1.99298, 1.73205], "gen5-sparsity": 4.35217e+12, "gen5-raw-winner": [692877, 237, 1.10003e+06, 879295], "gen5-norm-winner": [4.27479e-05, 0.978417, 0.00414203, 0.0230664], "gen5-winner-raw-d-score": 2.32653e+06, "gen5-winner-norm-d-score": 1.70747, "gen5-time": 13944}, {"source": 249828, "target": 258170, "gen0-front": [[266663, 181, 414199, 366869], [294081, 142, 479365, 367005], [268426, 187, 413574, 366598], [285148, 223, 474831, 335858], [266704, 181, 413609, 366633], [267482, 185, 416124, 362331], [266704, 181, 413609, 366633], [272136, 206, 435812, 346486]], "gen0-norm-front": [[0, 0.481481, 0.00949978, 0.995634], [1, 0, 1, 1], [0.0643253, 0.555556, 0, 0.986933], [0.674189, 1, 0.931085, 0], [0.00148897, 0.481481, 0.000531988, 0.988057], [0.0298879, 0.530864, 0.0387591, 0.849937], [0.00148897, 0.481481, 0.000531988, 0.988057], [0.199632, 0.790123, 0.33801, 0.341221]], "gen0-raw-d-score": [614217, 671541, 614402, 647746, 613696, 613180, 613696, 619712], "gen0-norm-d-score": [1.10598, 1.73205, 1.13438, 2.79848, 1.09913, 1.0033, 1.09913, 0.945955], "gen0-sparsity": 3.68768e+08, "gen0-raw-winner": [266704, 181, 413609, 366633], "gen0-norm-winner": [0.00148897, 0.481481, 0.000531988, 0.988057], "gen0-winner-naw-d-score": 613696, "gen0-winner-norm-d-score": 1.09913, "gen0-time": 7381, "gen1-front": [[266704, 181, 413609, 366633], [266663, 181, 414199, 366869], [267482, 185, 416124, 362331], [268426, 187, 413574, 366598], [272136, 206, 435812, 346486], [285148, 223, 474831, 335858], [294081, 142, 479365, 367005], [266704, 181, 413609, 366633], [267482, 185, 416124, 362331], [278527, 214, 462086, 336520], [294081, 142, 479365, 367005], [276382, 211, 454055, 337996], [272136, 206, 435812, 346486]], "gen1-norm-front": [[0.00148897, 0.481481, 0.000531988, 0.988057], [0, 0.481481, 0.00949978, 0.995634], [0.0298879, 0.530864, 0.0387591, 0.849937], [0.0643253, 0.555556, 0, 0.986933], [0.199632, 0.790123, 0.33801, 0.341221], [0.674189, 1, 0.931085, 0], [1, 0, 1, 1], [0.00148897, 0.481481, 0.000531988, 0.988057], [0.0298879, 0.530864, 0.0387591, 0.849937], [0.432723, 0.888889, 0.737365, 0.0212541], [1, 0, 1, 1], [0.354472, 0.851852, 0.615297, 0.0686422], [0.199632, 0.790123, 0.33801, 0.341221]], "gen1-raw-d-score": [1.09632e+06, 1.09763e+06, 1.10401e+06, 1.12587e+06, 1.1514e+06, 1.14835e+06, 1.13188e+06, 1.1151e+06, 1.14354e+06, 1.15159e+06, 1.10987e+06, 883650, 619712], "gen1-norm-d-score": [1.85527, 1.88586, 1.90861, 2.34587, 2.49325, 2.55547, 2.32421, 2.17629, 2.37777, 2.40749, 2.26483, 1.45926, 0.945955], "gen1-sparsity": 1.23128e+08, "gen1-raw-winner": [266704, 181, 413609, 366633], "gen1-norm-winner": [0.00148897, 0.481481, 0.000531988, 0.988057], "gen1-winner-raw-d-score": 1.09632e+06, "gen1-winner-norm-d-score": 1.85527, "gen1-time": 6747, "gen2-front": [[266704, 181, 413609, 366633], [266663, 181, 414199, 366869], [267482, 185, 416124, 362331], [268426, 187, 413574, 366598], [267482, 185, 416124, 362331], [272136, 206, 435812, 346486], [276382, 211, 454055, 337996], [278527, 214, 462086, 336520], [266704, 181, 413609, 366633], [267482, 185, 416124, 362331], [272136, 206, 435812, 346486], [276382, 211, 454055, 337996]], "gen2-norm-front": [[0.00344094, 0, 0.000721471, 0.992224], [0, 0, 0.0128834, 1], [0.0690695, 0.121212, 0.0525643, 0.850473], [0.148653, 0.181818, 0, 0.991071], [0.0690695, 0.121212, 0.0525643, 0.850473], [0.461339, 0.757576, 0.458402, 0.32838], [0.819166, 0.909091, 0.834453, 0.0486342], [1, 1, 1, 0], [0.00344094, 0, 0.000721471, 0.992224], [0.0690695, 0.121212, 0.0525643, 0.850473], [0.461339, 0.757576, 0.458402, 0.32838], [0.819166, 0.909091, 0.834453, 0.0486342]], "gen2-raw-d-score": [1.06296e+06, 1.06336e+06, 1.06277e+06, 1.06655e+06, 1.07556e+06, 1.08866e+06, 1.08525e+06, 1.07562e+06, 1.06614e+06, 1.07556e+06, 883650, 629916], "gen2-norm-d-score": [1.65234, 1.66825, 1.59011, 1.6993, 2.01157, 2.51015, 2.4861, 2.17487, 1.68368, 2.01157, 1.81683, 1.48194], "gen2-sparsity": 1.06405e+08, "gen2-raw-winner": [266704, 181, 413609, 366633], "gen2-norm-winner": [0.00344094, 0, 0.000721471, 0.992224], "gen2-winner-raw-d-score": 1.06296e+06, "gen2-winner-norm-d-score": 1.65234, "gen2-time": 5589, "gen3-front": [[266704, 181, 413609, 366633], [266663, 181, 414199, 366869], [267482, 185, 416124, 362331], [268426, 187, 413574, 366598], [267482, 185, 416124, 362331], [272136, 206, 435812, 346486], [276382, 211, 454055, 337996], [266704, 181, 413609, 366633], [267482, 185, 416124, 362331], [276382, 211, 454055, 337996]], "gen3-norm-front": [[0.00420055, 0, 0.000864603, 0.991826], [0, 0, 0.0154393, 1], [0.0843168, 0.133333, 0.0629925, 0.842829], [0.181468, 0.2, 0, 0.990614], [0.0843168, 0.133333, 0.0629925, 0.842829], [0.563182, 0.833333, 0.549344, 0.294046], [1, 1, 1, 0], [0.00420055, 0, 0.000864603, 0.991826], [0.0843168, 0.133333, 0.0629925, 0.842829], [1, 1, 1, 0]], "gen3-raw-d-score": [613696, 614217, 613180, 614402, 613180, 619712, 629916, 613696, 613180, 629916], "gen3-norm-d-score": [0.991836, 1.00012, 0.859777, 1.02677, 0.859777, 1.18316, 1.73205, 0.991836, 0.859777, 1.73205], "gen3-sparsity": 1.2213e+08, "gen3-raw-winner": [266704, 181, 413609, 366633], "gen3-norm-winner": [0.00420055, 0, 0.000864603, 0.991826], "gen3-winner-raw-d-score": 613696, "gen3-winner-norm-d-score": 0.991836, "gen3-time": 5546, "gen4-front": [[266704, 181, 413609, 366633], [266663, 181, 414199, 366869], [267482, 185, 416124, 362331], [268426, 187, 413574, 366598], [272136, 206, 435812, 346486], [276382, 211, 454055, 337996], [266704, 181, 413609, 366633], [270274, 186, 420538, 356778], [285148, 223, 474831, 335858]], "gen4-norm-front": [[0.00220854, 0, 0.000571363, 0.99239], [0, 0, 0.0102029, 1], [0.0443317, 0.0952381, 0.0416279, 0.853665], [0.0954114, 0.142857, 0, 0.991261], [0.296107, 0.595238, 0.363028, 0.342717], [0.525775, 0.714286, 0.660839, 0.0689433], [0.00220854, 0, 0.000571363, 0.99239], [0.195337, 0.119048, 0.113685, 0.674599], [1, 1, 1, 0]], "gen4-raw-d-score": [908533, 908463, 909691, 915380, 923021, 920035, 913851, 892617, 647746], "gen4-norm-d-score": [1.40958, 1.32315, 1.35695, 1.40705, 1.3854, 1.50037, 1.58278, 1.87626, 1.73205], "gen4-sparsity": 1.69526e+08, "gen4-raw-winner": [266704, 181, 413609, 366633], "gen4-norm-winner": [0.00220854, 0, 0.000571363, 0.99239], "gen4-winner-raw-d-score": 908533, "gen4-winner-norm-d-score": 1.40958, "gen4-time": 5678, "gen5-front": [[266704, 181, 413609, 366633], [266663, 181, 414199, 366869], [267482, 185, 416124, 362331], [268426, 187, 413574, 366598], [270274, 186, 420538, 356778], [272136, 206, 435812, 346486], [276382, 211, 454055, 337996], [285148, 223, 474831, 335858], [266704, 181, 413609, 366633], [267482, 185, 416124, 362331], [272136, 206, 435812, 346486], [285148, 223, 474831, 335858], [266704, 181, 413609, 366633]], "gen5-norm-front": [[0.00220854, 0, 0.000571363, 0.99239], [0, 0, 0.0102029, 1], [0.0443317, 0.0952381, 0.0416279, 0.853665], [0.0954114, 0.142857, 0, 0.991261], [0.195337, 0.119048, 0.113685, 0.674599], [0.296107, 0.595238, 0.363028, 0.342717], [0.525775, 0.714286, 0.660839, 0.0689433], [1, 1, 1, 0], [0.00220854, 0, 0.000571363, 0.99239], [0.0443317, 0.0952381, 0.0416279, 0.853665], [0.296107, 0.595238, 0.363028, 0.342717], [1, 1, 1, 0], [0.00220854, 0, 0.000571363, 0.99239]], "gen5-raw-d-score": [1.09632e+06, 1.09717e+06, 1.0976e+06, 1.10232e+06, 1.11326e+06, 1.12763e+06, 1.12452e+06, 1.11635e+06, 1.10361e+06, 1.11836e+06, 1.08639e+06, 892299, 613696], "gen5-norm-d-score": [1.65395, 1.67089, 1.53676, 1.58118, 1.85464, 2.21796, 2.28362, 2.19409, 1.84867, 2.10541, 2.16242, 1.99621, 0.992392], "gen5-sparsity": 1.13017e+08, "gen5-raw-winner": [266704, 181, 413609, 366633], "gen5-norm-winner": [0.00220854, 0, 0.000571363, 0.99239], "gen5-winner-raw-d-score": 613696, "gen5-winner-norm-d-score": 0.992392, "gen5-time": 5628}, {"source": 229840, "target": 76047, "gen0-front": [[701903, 0, 1.04445e+06, 956724], [702727, 0, 1.04293e+06, 955893], [705979, 0, 1.03353e+06, 966747], [914241, 0, 1.70063e+06, 907508], [702234, 0, 1.04356e+06, 956352], [702062, 0, 1.04397e+06, 956499], [701903, 0, 1.04445e+06, 956724]], "gen0-norm-front": [[0, 0, 0.0163679, 0.830804], [0.0038819, 0, 0.0140864, 0.816776], [0.0191976, 0, 0, 1], [1, 0, 1, 0], [0.00155946, 0, 0.0150263, 0.824524], [0.000748075, 0, 0.0156484, 0.827006], [0, 0, 0.0163679, 0.830804]], "gen0-raw-d-score": [2.02e+06, 2.0154e+06, 2.49583e+06, 2.47663e+06, 2.01978e+06, 2.0202e+06, 1.58078e+06], "gen0-norm-d-score": [0.831094, 0.817132, 1.73216, 1.41429, 0.824812, 0.827316, 0.830965], "gen0-sparsity": 7.94141e+10, "gen0-raw-winner": [702727, 0, 1.04293e+06, 955893], "gen0-norm-winner": [0.0038819, 0, 0.0140864, 0.816776], "gen0-winner-naw-d-score": 2.0154e+06, "gen0-winner-norm-d-score": 0.817132, "gen0-time": 15952, "gen1-front": [[702727, 0, 1.04293e+06, 955893], [702234, 0, 1.04356e+06, 956352], [702062, 0, 1.04397e+06, 956499], [701903, 0, 1.04445e+06, 956724], [705979, 0, 1.03353e+06, 966747], [914241, 0, 1.70063e+06, 907508], [704659, 0, 1.03426e+06, 967086], [914241, 0, 1.70063e+06, 907508], [702727, 0, 1.04293e+06, 955893], [703993, 0, 1.0353e+06, 967692]], "gen1-norm-front": [[0.0038819, 0, 0.0140864, 0.803951], [0.00155946, 0, 0.0150263, 0.811578], [0.000748075, 0, 0.0156484, 0.81402], [0, 0, 0.0163679, 0.817759], [0.0191976, 0, 0, 0.984298], [1, 0, 1, 0], [0.0129779, 0, 0.00109579, 0.989931], [1, 0, 1, 0], [0.0038819, 0, 0.0140864, 0.803951], [0.00984403, 0, 0.00265778, 1]], "gen1-raw-d-score": [2.34199e+06, 2.34245e+06, 2.34413e+06, 2.41576e+06, 2.7476e+06, 2.80871e+06, 2.74716e+06, 2.74634e+06, 2.23588e+06, 1.58237e+06], "gen1-norm-d-score": [1.14256, 1.14968, 1.15423, 1.62426, 1.72319, 1.99503, 1.72631, 1.62685, 1.28322, 1.00005], "gen1-sparsity": 5.29388e+10, "gen1-raw-winner": [702727, 0, 1.04293e+06, 955893], "gen1-norm-winner": [0.0038819, 0, 0.0140864, 0.803951], "gen1-winner-raw-d-score": 2.34199e+06, "gen1-winner-norm-d-score": 1.14256, "gen1-time": 15540, "gen2-front": [[702727, 0, 1.04293e+06, 955893], [702234, 0, 1.04356e+06, 956352], [702062, 0, 1.04397e+06, 956499], [701903, 0, 1.04445e+06, 956724], [705979, 0, 1.03353e+06, 966747], [704659, 0, 1.03426e+06, 967086], [703993, 0, 1.0353e+06, 967692], [914241, 0, 1.70063e+06, 907508], [704659, 0, 1.03426e+06, 967086], [914241, 0, 1.70063e+06, 907508]], "gen2-norm-front": [[0.0038819, 0, 0.0140864, 0.803951], [0.00155946, 0, 0.0150263, 0.811578], [0.000748075, 0, 0.0156484, 0.81402], [0, 0, 0.0163679, 0.817759], [0.0191976, 0, 0, 0.984298], [0.0129779, 0, 0.00109579, 0.989931], [0.00984403, 0, 0.00265778, 1], [1, 0, 1, 0], [0.0129779, 0, 0.00109579, 0.989931], [1, 0, 1, 0]], "gen2-raw-d-score": [2.34199e+06, 2.34245e+06, 2.34413e+06, 2.34448e+06, 2.34484e+06, 2.41686e+06, 2.74809e+06, 2.80871e+06, 2.65576e+06, 2.13343e+06], "gen2-norm-d-score": [1.14256, 1.14968, 1.15423, 1.27999, 1.39622, 1.72634, 1.73213, 1.99503, 1.72631, 1.41421], "gen2-sparsity": 5.29388e+10, "gen2-raw-winner": [702727, 0, 1.04293e+06, 955893], "gen2-norm-winner": [0.0038819, 0, 0.0140864, 0.803951], "gen2-winner-raw-d-score": 2.34199e+06, "gen2-winner-norm-d-score": 1.14256, "gen2-time": 15471, "gen3-front": [[702727, 0, 1.04293e+06, 955893], [702234, 0, 1.04356e+06, 956352], [702062, 0, 1.04397e+06, 956499], [701903, 0, 1.04445e+06, 956724], [705979, 0, 1.03353e+06, 966747], [704659, 0, 1.03426e+06, 967086], [703993, 0, 1.0353e+06, 967692], [914241, 0, 1.70063e+06, 907508], [704659, 0, 1.03426e+06, 967086], [914241, 0, 1.70063e+06, 907508]], "gen3-norm-front": [[0.0038819, 0, 0.0140864, 0.803951], [0.00155946, 0, 0.0150263, 0.811578], [0.000748075, 0, 0.0156484, 0.81402], [0, 0, 0.0163679, 0.817759], [0.0191976, 0, 0, 0.984298], [0.0129779, 0, 0.00109579, 0.989931], [0.00984403, 0, 0.00265778, 1], [1, 0, 1, 0], [0.0129779, 0, 0.00109579, 0.989931], [1, 0, 1, 0]], "gen3-raw-d-score": [2.34199e+06, 2.34245e+06, 2.34413e+06, 2.34448e+06, 2.34484e+06, 2.41686e+06, 2.74809e+06, 2.80871e+06, 2.65576e+06, 2.13343e+06], "gen3-norm-d-score": [1.14256, 1.14968, 1.15423, 1.27999, 1.39622, 1.72634, 1.73213, 1.99503, 1.72631, 1.41421], "gen3-sparsity": 5.29388e+10, "gen3-raw-winner": [702727, 0, 1.04293e+06, 955893], "gen3-norm-winner": [0.0038819, 0, 0.0140864, 0.803951], "gen3-winner-raw-d-score": 2.34199e+06, "gen3-winner-norm-d-score": 1.14256, "gen3-time": 15573, "gen4-front": [[702727, 0, 1.04293e+06, 955893], [702234, 0, 1.04356e+06, 956352], [702062, 0, 1.04397e+06, 956499], [701903, 0, 1.04445e+06, 956724], [705979, 0, 1.03353e+06, 966747], [704659, 0, 1.03426e+06, 967086], [703993, 0, 1.0353e+06, 967692], [914241, 0, 1.70063e+06, 907508], [704659, 0, 1.03426e+06, 967086], [914241, 0, 1.70063e+06, 907508]], "gen4-norm-front": [[0.0038819, 0, 0.0140864, 0.803951], [0.00155946, 0, 0.0150263, 0.811578], [0.000748075, 0, 0.0156484, 0.81402], [0, 0, 0.0163679, 0.817759], [0.0191976, 0, 0, 0.984298], [0.0129779, 0, 0.00109579, 0.989931], [0.00984403, 0, 0.00265778, 1], [1, 0, 1, 0], [0.0129779, 0, 0.00109579, 0.989931], [1, 0, 1, 0]], "gen4-raw-d-score": [2.34199e+06, 2.34245e+06, 2.34413e+06, 2.34448e+06, 2.34484e+06, 2.41686e+06, 2.74809e+06, 2.80871e+06, 2.65576e+06, 2.13343e+06], "gen4-norm-d-score": [1.14256, 1.14968, 1.15423, 1.27999, 1.39622, 1.72634, 1.73213, 1.99503, 1.72631, 1.41421], "gen4-sparsity": 5.29388e+10, "gen4-raw-winner": [702727, 0, 1.04293e+06, 955893], "gen4-norm-winner": [0.0038819, 0, 0.0140864, 0.803951], "gen4-winner-raw-d-score": 2.34199e+06, "gen4-winner-norm-d-score": 1.14256, "gen4-time": 15379, "gen5-front": [[702727, 0, 1.04293e+06, 955893], [702234, 0, 1.04356e+06, 956352], [702062, 0, 1.04397e+06, 956499], [701903, 0, 1.04445e+06, 956724], [705979, 0, 1.03353e+06, 966747], [704659, 0, 1.03426e+06, 967086], [703993, 0, 1.0353e+06, 967692], [914241, 0, 1.70063e+06, 907508], [704659, 0, 1.03426e+06, 967086], [914241, 0, 1.70063e+06, 907508]], "gen5-norm-front": [[0.0038819, 0, 0.0140864, 0.803951], [0.00155946, 0, 0.0150263, 0.811578], [0.000748075, 0, 0.0156484, 0.81402], [0, 0, 0.0163679, 0.817759], [0.0191976, 0, 0, 0.984298], [0.0129779, 0, 0.00109579, 0.989931], [0.00984403, 0, 0.00265778, 1], [1, 0, 1, 0], [0.0129779, 0, 0.00109579, 0.989931], [1, 0, 1, 0]], "gen5-raw-d-score": [2.34199e+06, 2.34245e+06, 2.34413e+06, 2.34448e+06, 2.34484e+06, 2.41686e+06, 2.74809e+06, 2.80871e+06, 2.65576e+06, 2.13343e+06], "gen5-norm-d-score": [1.14256, 1.14968, 1.15423, 1.27999, 1.39622, 1.72634, 1.73213, 1.99503, 1.72631, 1.41421], "gen5-sparsity": 5.29388e+10, "gen5-raw-winner": [702727, 0, 1.04293e+06, 955893], "gen5-norm-winner": [0.0038819, 0, 0.0140864, 0.803951], "gen5-winner-raw-d-score": 2.34199e+06, "gen5-winner-norm-d-score": 1.14256, "gen5-time": 15428}, {"source": 220413, "target": 148930, "gen0-front": [[259885, 0, 396990, 344922], [259885, 0, 396990, 344922], [260532, 0, 396696, 346214], [315850, 0, 622191, 277625], [259885, 0, 396990, 344922], [267571, 0, 465440, 305525]], "gen0-norm-front": [[0, 0, 0.0013038, 0.981163], [0, 0, 0.0013038, 0.981163], [0.011562, 0, 0, 1], [1, 0, 1, 0], [0, 0, 0.0013038, 0.981163], [0.137344, 0, 0.304858, 0.406771]], "gen0-raw-d-score": [641601, 641864, 666986, 794669, 644753, 617717], "gen0-norm-d-score": [0.981164, 0.981232, 1.41426, 1.41421, 0.99073, 0.526559], "gen0-sparsity": 6.79388e+09, "gen0-raw-winner": [259885, 0, 396990, 344922], "gen0-norm-winner": [0, 0, 0.0013038, 0.981163], "gen0-winner-naw-d-score": 641601, "gen0-winner-norm-d-score": 0.981164, "gen0-time": 4370, "gen1-front": [[259885, 0, 396990, 344922], [260532, 0, 396696, 346214], [267571, 0, 465440, 305525], [315850, 0, 622191, 277625], [259885, 0, 396990, 344922], [315850, 0, 622191, 277625], [259885, 0, 396990, 344922]], "gen1-norm-front": [[0, 0, 0.0013038, 0.981163], [0.011562, 0, 0, 1], [0.137344, 0, 0.304858, 0.406771], [1, 0, 1, 0], [0, 0, 0.0013038, 0.981163], [1, 0, 1, 0], [0, 0, 0.0013038, 0.981163]], "gen1-raw-d-score": [754557, 795825, 931911, 888313, 911590, 888313, 586611], "gen1-norm-d-score": [0.981232, 1.05448, 1.50906, 1.41421, 1.72124, 1.41421, 0.981164], "gen1-sparsity": 5.66157e+09, "gen1-raw-winner": [259885, 0, 396990, 344922], "gen1-norm-winner": [0, 0, 0.0013038, 0.981163], "gen1-winner-raw-d-score": 586611, "gen1-winner-norm-d-score": 0.981164, "gen1-time": 3236, "gen2-front": [[259885, 0, 396990, 344922], [260532, 0, 396696, 346214], [267571, 0, 465440, 305525], [315850, 0, 622191, 277625], [259885, 0, 396990, 344922], [315850, 0, 622191, 277625], [259885, 0, 396990, 344922]], "gen2-norm-front": [[0, 0, 0.0013038, 0.981163], [0.011562, 0, 0, 1], [0.137344, 0, 0.304858, 0.406771], [1, 0, 1, 0], [0, 0, 0.0013038, 0.981163], [1, 0, 1, 0], [0, 0, 0.0013038, 0.981163]], "gen2-raw-d-score": [754557, 795825, 931911, 888313, 911590, 888313, 586611], "gen2-norm-d-score": [0.981232, 1.05448, 1.50906, 1.41421, 1.72124, 1.41421, 0.981164], "gen2-sparsity": 5.66157e+09, "gen2-raw-winner": [259885, 0, 396990, 344922], "gen2-norm-winner": [0, 0, 0.0013038, 0.981163], "gen2-winner-raw-d-score": 586611, "gen2-winner-norm-d-score": 0.981164, "gen2-time": 3232, "gen3-front": [[259885, 0, 396990, 344922], [260532, 0, 396696, 346214], [267571, 0, 465440, 305525], [315850, 0, 622191, 277625], [259885, 0, 396990, 344922], [315850, 0, 622191, 277625], [267571, 0, 465440, 305525], [266344, 0, 455997, 309822]], "gen3-norm-front": [[0, 0, 0.0013038, 0.981163], [0.011562, 0, 0, 1], [0.137344, 0, 0.304858, 0.406771], [1, 0, 1, 0], [0, 0, 0.0013038, 0.981163], [1, 0, 1, 0], [0.137344, 0, 0.304858, 0.406771], [0.115421, 0, 0.262981, 0.469419]], "gen3-raw-d-score": [830193, 852457, 972385, 952928, 952928, 972385, 869734, 612260], "gen3-norm-d-score": [1.40101, 1.13022, 1.50906, 1.72124, 1.72124, 1.50906, 0.761643, 0.550305], "gen3-sparsity": 4.64844e+09, "gen3-raw-winner": [259885, 0, 396990, 344922], "gen3-norm-winner": [0, 0, 0.0013038, 0.981163], "gen3-winner-raw-d-score": 830193, "gen3-winner-norm-d-score": 1.40101, "gen3-time": 3223, "gen4-front": [[259885, 0, 396990, 344922], [260532, 0, 396696, 346214], [266344, 0, 455997, 309822], [267571, 0, 465440, 305525], [315850, 0, 622191, 277625], [259885, 0, 396990, 344922], [315850, 0, 622191, 277625], [259885, 0, 396990, 344922]], "gen4-norm-front": [[0, 0, 0.0013038, 0.981163], [0.011562, 0, 0, 1], [0.115421, 0, 0.262981, 0.469419], [0.137344, 0, 0.304858, 0.406771], [1, 0, 1, 0], [0, 0, 0.0013038, 0.981163], [1, 0, 1, 0], [0, 0, 0.0013038, 0.981163]], "gen4-raw-d-score": [830193, 848511, 869734, 972385, 952928, 952928, 952928, 586611], "gen4-norm-d-score": [1.40101, 1.14148, 0.761643, 1.50906, 1.72124, 1.72124, 1.72124, 0.981164], "gen4-sparsity": 4.64844e+09, "gen4-raw-winner": [259885, 0, 396990, 344922], "gen4-norm-winner": [0, 0, 0.0013038, 0.981163], "gen4-winner-raw-d-score": 586611, "gen4-winner-norm-d-score": 0.981164, "gen4-time": 3239, "gen5-front": [[259885, 0, 396990, 344922], [260532, 0, 396696, 346214], [266344, 0, 455997, 309822], [267571, 0, 465440, 305525], [315850, 0, 622191, 277625], [259885, 0, 396990, 344922], [315850, 0, 622191, 277625], [259885, 0, 396990, 344922], [267571, 0, 465440, 305525]], "gen5-norm-front": [[0, 0, 0.0013038, 0.981163], [0.011562, 0, 0, 1], [0.115421, 0, 0.262981, 0.469419], [0.137344, 0, 0.304858, 0.406771], [1, 0, 1, 0], [0, 0, 0.0013038, 0.981163], [1, 0, 1, 0], [0, 0, 0.0013038, 0.981163], [0.137344, 0, 0.304858, 0.406771]], "gen5-raw-d-score": [586611, 587460, 612260, 617717, 750972, 586611, 750972, 586611, 617717], "gen5-norm-d-score": [0.981164, 1.00007, 0.550305, 1.13016, 1.41421, 0.981164, 1.41421, 0.981164, 0.526559], "gen5-sparsity": 4.06739e+09, "gen5-raw-winner": [259885, 0, 396990, 344922], "gen5-norm-winner": [0, 0, 0.0013038, 0.981163], "gen5-winner-raw-d-score": 586611, "gen5-winner-norm-d-score": 0.981164, "gen5-time": 3244}, {"source": 6447, "target": 141968, "gen0-front": [[581350, 374, 881538, 780076], [2.73908e+06, 182, 5.44311e+06, 2.35948e+06], [588505, 328, 867129, 806768], [700306, 451, 1.27964e+06, 714796], [581350, 374, 881538, 780076], [581399, 375, 881323, 780333], [581350, 374, 881538, 780076]], "gen0-norm-front": [[0, 0.713755, 0.00314883, 0.0396915], [1, 0, 1, 1], [0.00331592, 0.542751, 0, 0.0559207], [0.0551302, 1, 0.0901472, 0], [0, 0.713755, 0.00314883, 0.0396915], [2.24973e-05, 0.717472, 0.00310185, 0.0398477], [0, 0.713755, 0.00314883, 0.0396915]], "gen0-raw-d-score": [1.31286e+06, 6.53431e+06, 1.32255e+06, 1.62445e+06, 1.31286e+06, 1.31289e+06, 1.31286e+06], "gen0-norm-d-score": [0.714864, 1.73205, 0.545634, 1.00557, 0.714864, 0.718585, 0.714864], "gen0-sparsity": 4.01303e+12, "gen0-raw-winner": [581350, 374, 881538, 780076], "gen0-norm-winner": [0, 0.713755, 0.00314883, 0.0396915], "gen0-winner-naw-d-score": 1.31286e+06, "gen0-winner-norm-d-score": 0.714864, "gen0-time": 9350, "gen1-front": [[581350, 374, 881538, 780076], [588505, 328, 867129, 806768], [581399, 375, 881323, 780333], [700306, 451, 1.27964e+06, 714796], [2.73908e+06, 182, 5.44311e+06, 2.35948e+06], [581350, 374, 881538, 780076], [2.73908e+06, 182, 5.44311e+06, 2.35948e+06], [581350, 374, 881538, 780076], [581652, 373, 882593, 779265]], "gen1-norm-front": [[0, 0.713755, 0.00314883, 0.0396915], [0.00331592, 0.542751, 0, 0.0559207], [2.24973e-05, 0.717472, 0.00310185, 0.0398477], [0.0551302, 1, 0.0901472, 0], [1, 0, 1, 1], [0, 0.713755, 0.00314883, 0.0396915], [1, 0, 1, 1], [0, 0.713755, 0.00314883, 0.0396915], [0.000139719, 0.710037, 0.00337938, 0.0391984]], "gen1-raw-d-score": [1.31286e+06, 1.32255e+06, 1.31289e+06, 1.62445e+06, 6.53431e+06, 1.31286e+06, 6.53431e+06, 1.31286e+06, 1.31322e+06], "gen1-norm-d-score": [0.714864, 0.545634, 0.718585, 1.00557, 1.87377, 0.714864, 1.73205, 0.714864, 0.711126], "gen1-sparsity": 3.00966e+12, "gen1-raw-winner": [581350, 374, 881538, 780076], "gen1-norm-winner": [0, 0.713755, 0.00314883, 0.0396915], "gen1-winner-raw-d-score": 1.31286e+06, "gen1-winner-norm-d-score": 0.714864, "gen1-time": 8598, "gen2-front": [[581350, 374, 881538, 780076], [588505, 328, 867129, 806768], [581652, 373, 882593, 779265], [581399, 375, 881323, 780333], [700306, 451, 1.27964e+06, 714796], [2.73908e+06, 182, 5.44311e+06, 2.35948e+06], [581350, 374, 881538, 780076], [2.73908e+06, 182, 5.44311e+06, 2.35948e+06], [581350, 374, 881538, 780076]], "gen2-norm-front": [[0, 0.713755, 0.00314883, 0.0396915], [0.00331592, 0.542751, 0, 0.0559207], [0.000139719, 0.710037, 0.00337938, 0.0391984], [2.24973e-05, 0.717472, 0.00310185, 0.0398477], [0.0551302, 1, 0.0901472, 0], [1, 0, 1, 1], [0, 0.713755, 0.00314883, 0.0396915], [1, 0, 1, 1], [0, 0.713755, 0.00314883, 0.0396915]], "gen2-raw-d-score": [1.31286e+06, 1.32255e+06, 1.31322e+06, 1.31289e+06, 1.62445e+06, 6.53431e+06, 1.31286e+06, 6.53431e+06, 1.31286e+06], "gen2-norm-d-score": [0.714864, 1.31322e+06, 0.711126, 0.718585, 1.00557, 1.73205, 0.714864, 1.73205, 0.714864], "gen2-sparsity": 3.00966e+12, "gen2-raw-winner": [581350, 374, 881538, 780076], "gen2-norm-winner": [0, 0.713755, 0.00314883, 0.0396915], "gen2-winner-raw-d-score": 1.31286e+06, "gen2-winner-norm-d-score": 0.714864, "gen2-time": 9258, "gen3-front": [[581350, 374, 881538, 780076], [581652, 373, 882593, 779265], [588505, 328, 867129, 806768], [581399, 375, 881323, 780333], [700306, 451, 1.27964e+06, 714796], [2.73908e+06, 182, 5.44311e+06, 2.35948e+06], [581350, 374, 881538, 780076], [2.73908e+06, 182, 5.44311e+06, 2.35948e+06], [581350, 374, 881538, 780076]], "gen3-norm-front": [[0, 0.713755, 0.00314883, 0.0396915], [0.000139719, 0.710037, 0.00337938, 0.0391984], [0.00331592, 0.542751, 0, 0.0559207], [2.24973e-05, 0.717472, 0.00310185, 0.0398477], [0.0551302, 1, 0.0901472, 0], [1, 0, 1, 1], [0, 0.713755, 0.00314883, 0.0396915], [1, 0, 1, 1], [0, 0.713755, 0.00314883, 0.0396915]], "gen3-raw-d-score": [1.94794e+06, 1.95236e+06, 1.99079e+06, 3.44457e+06, 6.75825e+06, 7.20578e+06, 6.6902e+06, 6.66489e+06, 1.31286e+06], "gen3-norm-d-score": [1.00834, 0.896336, 0.903947, 1.58982, 2.00279, 2.12392, 1.87377, 1.87377, 0.714864], "gen3-sparsity": 3.00966e+12, "gen3-raw-winner": [581350, 374, 881538, 780076], "gen3-norm-winner": [0, 0.713755, 0.00314883, 0.0396915], "gen3-winner-raw-d-score": 1.31286e+06, "gen3-winner-norm-d-score": 0.714864, "gen3-time": 9105, "gen4-front": [[581350, 374, 881538, 780076], [581652, 373, 882593, 779265], [588505, 328, 867129, 806768], [581399, 375, 881323, 780333], [700306, 451, 1.27964e+06, 714796], [2.73908e+06, 182, 5.44311e+06, 2.35948e+06], [581350, 374, 881538, 780076], [2.73908e+06, 182, 5.44311e+06, 2.35948e+06], [581350, 374, 881538, 780076]], "gen4-norm-front": [[0, 0.713755, 0.00314883, 0.0396915], [0.000139719, 0.710037, 0.00337938, 0.0391984], [0.00331592, 0.542751, 0, 0.0559207], [2.24973e-05, 0.717472, 0.00310185, 0.0398477], [0.0551302, 1, 0.0901472, 0], [1, 0, 1, 1], [0, 0.713755, 0.00314883, 0.0396915], [1, 0, 1, 1], [0, 0.713755, 0.00314883, 0.0396915]], "gen4-raw-d-score": [1.94794e+06, 1.95236e+06, 1.99079e+06, 3.44457e+06, 6.75825e+06, 7.20578e+06, 6.6902e+06, 6.66489e+06, 1.31286e+06], "gen4-norm-d-score": [1.00834, 0.896336, 0.903947, 1.58982, 2.00279, 2.12392, 1.87377, 1.87377, 0.714864], "gen4-sparsity": 3.00966e+12, "gen4-raw-winner": [581350, 374, 881538, 780076], "gen4-norm-winner": [0, 0.713755, 0.00314883, 0.0396915], "gen4-winner-raw-d-score": 1.31286e+06, "gen4-winner-norm-d-score": 0.714864, "gen4-time": 9027, "gen5-front": [[581350, 374, 881538, 780076], [581652, 373, 882593, 779265], [588505, 328, 867129, 806768], [581399, 375, 881323, 780333], [700306, 451, 1.27964e+06, 714796], [2.73908e+06, 182, 5.44311e+06, 2.35948e+06], [581350, 374, 881538, 780076], [2.73908e+06, 182, 5.44311e+06, 2.35948e+06], [581399, 375, 881323, 780333]], "gen5-norm-front": [[0, 0.713755, 0.00314883, 0.0396915], [0.000139719, 0.710037, 0.00337938, 0.0391984], [0.00331592, 0.542751, 0, 0.0559207], [2.24973e-05, 0.717472, 0.00310185, 0.0398477], [0.0551302, 1, 0.0901472, 0], [1, 0, 1, 1], [0, 0.713755, 0.00314883, 0.0396915], [1, 0, 1, 1], [2.24973e-05, 0.717472, 0.00310185, 0.0398477]], "gen5-raw-d-score": [1.94794e+06, 1.95236e+06, 1.99079e+06, 3.44457e+06, 6.75825e+06, 7.20578e+06, 6.6902e+06, 6.6649e+06, 1.31289e+06], "gen5-norm-d-score": [1.00834, 0.896336, 0.903947, 1.58982, 2.00279, 2.12392, 1.87377, 1.8752, 0.718585], "gen5-sparsity": 3.00966e+12, "gen5-raw-winner": [581350, 374, 881538, 780076], "gen5-norm-winner": [0, 0.713755, 0.00314883, 0.0396915], "gen5-winner-raw-d-score": 1.94794e+06, "gen5-winner-norm-d-score": 1.00834, "gen5-time": 9080}, {"source": 130444, "target": 3030, "gen0-front": [[612723, 346, 924106, 846223], [2.40185e+06, 195, 4.80641e+06, 2.06735e+06], [616224, 352, 924003, 856041], [765259, 402, 1.38176e+06, 827797], [612723, 346, 924106, 846223]], "gen0-norm-front": [[0, 0.729469, 2.65299e-05, 0.014865], [1, 0, 1, 1], [0.00195669, 0.758454, 0, 0.0227856], [0.0852574, 1, 0.117905, 0], [0, 0.729469, 2.65299e-05, 0.014865]], "gen0-raw-d-score": [2.77748e+06, 5.79001e+06, 1.59748e+06, 1.88562e+06, 1.39481e+06], "gen0-norm-d-score": [1.23788, 1.73205, 0.763573, 1.01053, 0.72962], "gen0-sparsity": 4.02652e+12, "gen0-raw-winner": [612723, 346, 924106, 846223], "gen0-norm-winner": [0, 0.729469, 2.65299e-05, 0.014865], "gen0-winner-naw-d-score": 1.39481e+06, "gen0-winner-norm-d-score": 0.72962, "gen0-time": 17125, "gen1-front": [[612723, 346, 924106, 846223], [616224, 352, 924003, 856041], [765259, 402, 1.38176e+06, 827797], [2.40185e+06, 195, 4.80641e+06, 2.06735e+06], [612723, 346, 924106, 846223], [2.40185e+06, 195, 4.80641e+06, 2.06735e+06], [612723, 346, 924106, 846223]], "gen1-norm-front": [[0, 0.729469, 2.65299e-05, 0.014865], [0.00195669, 0.758454, 0, 0.0227856], [0.0852574, 1, 0.117905, 0], [1, 0, 1, 1], [0, 0.729469, 2.65299e-05, 0.014865], [1, 0, 1, 1], [0, 0.729469, 2.65299e-05, 0.014865]], "gen1-raw-d-score": [1.78298e+06, 2.11215e+06, 5.66133e+06, 5.86292e+06, 5.55121e+06, 5.86292e+06, 1.39481e+06], "gen1-norm-d-score": [1.05243, 1.2637, 1.73815, 1.87939, 1.59133, 1.87939, 0.72962], "gen1-sparsity": 2.68434e+12, "gen1-raw-winner": [612723, 346, 924106, 846223], "gen1-norm-winner": [0, 0.729469, 2.65299e-05, 0.014865], "gen1-winner-raw-d-score": 1.39481e+06, "gen1-winner-norm-d-score": 0.72962, "gen1-time": 15620, "gen2-front": [[612723, 346, 924106, 846223], [616224, 352, 924003, 856041], [765259, 402, 1.38176e+06, 827797], [2.40185e+06, 195, 4.80641e+06, 2.06735e+06], [612723, 346, 924106, 846223], [2.40185e+06, 195, 4.80641e+06, 2.06735e+06], [612723, 346, 924106, 846223]], "gen2-norm-front": [[0, 0.729469, 2.65299e-05, 0.014865], [0.00195669, 0.758454, 0, 0.0227856], [0.0852574, 1, 0.117905, 0], [1, 0, 1, 1], [0, 0.729469, 2.65299e-05, 0.014865], [1, 0, 1, 1], [0, 0.729469, 2.65299e-05, 0.014865]], "gen2-raw-d-score": [1.78298e+06, 2.11215e+06, 5.66133e+06, 5.86292e+06, 5.55121e+06, 5.86292e+06, 1.39481e+06], "gen2-norm-d-score": [1.05243, 1.2637, 1.73815, 1.87939, 1.59133, 1.87939, 0.72962], "gen2-sparsity": 2.68434e+12, "gen2-raw-winner": [612723, 346, 924106, 846223], "gen2-norm-winner": [0, 0.729469, 2.65299e-05, 0.014865], "gen2-winner-raw-d-score": 1.39481e+06, "gen2-winner-norm-d-score": 0.72962, "gen2-time": 15798, "gen3-front": [[612723, 346, 924106, 846223], [616224, 352, 924003, 856041], [765259, 402, 1.38176e+06, 827797], [2.40185e+06, 195, 4.80641e+06, 2.06735e+06], [612723, 346, 924106, 846223], [2.40185e+06, 195, 4.80641e+06, 2.06735e+06], [612723, 346, 924106, 846223]], "gen3-norm-front": [[0, 0.729469, 2.65299e-05, 0.014865], [0.00195669, 0.758454, 0, 0.0227856], [0.0852574, 1, 0.117905, 0], [1, 0, 1, 1], [0, 0.729469, 2.65299e-05, 0.014865], [1, 0, 1, 1], [0, 0.729469, 2.65299e-05, 0.014865]], "gen3-raw-d-score": [1.39481e+06, 1.40226e+06, 1.78329e+06, 5.75712e+06, 1.39481e+06, 5.75712e+06, 1.39481e+06], "gen3-norm-d-score": [0.72962, 0.758799, 1.01053, 1.73205, 0.72962, 1.73205, 0.72962], "gen3-sparsity": 2.68434e+12, "gen3-raw-winner": [612723, 346, 924106, 846223], "gen3-norm-winner": [0, 0.729469, 2.65299e-05, 0.014865], "gen3-winner-raw-d-score": 1.39481e+06, "gen3-winner-norm-d-score": 0.72962, "gen3-time": 15841, "gen4-front": [[612723, 346, 924106, 846223], [616224, 352, 924003, 856041], [765259, 402, 1.38176e+06, 827797], [2.40185e+06, 195, 4.80641e+06, 2.06735e+06], [612723, 346, 924106, 846223], [2.40185e+06, 195, 4.80641e+06, 2.06735e+06], [612723, 346, 924106, 846223]], "gen4-norm-front": [[0, 0.729469, 2.65299e-05, 0.014865], [0.00195669, 0.758454, 0, 0.0227856], [0.0852574, 1, 0.117905, 0], [1, 0, 1, 1], [0, 0.729469, 2.65299e-05, 0.014865], [1, 0, 1, 1], [0, 0.729469, 2.65299e-05, 0.014865]], "gen4-raw-d-score": [1.78298e+06, 2.11215e+06, 5.66133e+06, 5.86292e+06, 5.55121e+06, 5.86292e+06, 1.39481e+06], "gen4-norm-d-score": [1.05243, 1.2637, 1.73815, 1.87939, 1.59133, 1.87939, 0.72962], "gen4-sparsity": 2.68434e+12, "gen4-raw-winner": [612723, 346, 924106, 846223], "gen4-norm-winner": [0, 0.729469, 2.65299e-05, 0.014865], "gen4-winner-raw-d-score": 1.39481e+06, "gen4-winner-norm-d-score": 0.72962, "gen4-time": 15798, "gen5-front": [[612723, 346, 924106, 846223], [616224, 352, 924003, 856041], [765259, 402, 1.38176e+06, 827797], [2.40185e+06, 195, 4.80641e+06, 2.06735e+06], [612723, 346, 924106, 846223], [2.40185e+06, 195, 4.80641e+06, 2.06735e+06], [612723, 346, 924106, 846223]], "gen5-norm-front": [[0, 0.729469, 2.65299e-05, 0.014865], [0.00195669, 0.758454, 0, 0.0227856], [0.0852574, 1, 0.117905, 0], [1, 0, 1, 1], [0, 0.729469, 2.65299e-05, 0.014865], [1, 0, 1, 1], [0, 0.729469, 2.65299e-05, 0.014865]], "gen5-raw-d-score": [1.78298e+06, 2.11215e+06, 5.66133e+06, 5.86292e+06, 5.55121e+06, 5.86292e+06, 1.39481e+06], "gen5-norm-d-score": [1.05243, 1.2637, 1.73815, 1.87939, 1.59133, 1.87939, 0.72962], "gen5-sparsity": 2.68434e+12, "gen5-raw-winner": [612723, 346, 924106, 846223], "gen5-norm-winner": [0, 0.729469, 2.65299e-05, 0.014865], "gen5-winner-raw-d-score": 1.39481e+06, "gen5-winner-norm-d-score": 0.72962, "gen5-time": 15869}, {"source": 12628, "target": 241623, "gen0-front": [[271417, 140, 451247, 337301], [492405, 80, 950902, 456574], [272458, 138, 449021, 337222], [299931, 146, 564335, 289047], [272070, 138, 449166, 337282], [275494, 166, 489259, 300842], [271975, 138, 449357, 337359], [272070, 138, 449166, 337282]], "gen0-norm-front": [[0, 0.697674, 0.00443531, 0.288037], [1, 0, 1, 1], [0.00471338, 0.674419, 0, 0.287566], [0.12903, 0.76744