{"data": [{"source": 178775, "target": 63882, "gen0-front": [[692759, 238, 1.10423e+06, 877274], [3.4524e+06, 101, 6.96406e+06, 2.88657e+06], [699726, 240, 1.07564e+06, 925006], [860932, 151, 1.64585e+06, 831901], [693267, 239, 1.10343e+06, 876792], [693441, 238, 1.09916e+06, 878786], [694337, 239, 1.08104e+06, 899386], [693385, 238, 1.09923e+06, 878813], [693267, 239, 1.10343e+06, 876792]], "gen0-norm-front": [[0, 0.985612, 0.00485563, 0.0220828], [1, 0, 1, 1], [0.00252441, 1, 0, 0.0453138], [0.0609401, 0.359712, 0.096837, 0], [0.000183943, 0.992806, 0.00472045, 0.0218482], [0.000246859, 0.985612, 0.00399564, 0.0228187], [0.000571807, 0.992806, 0.000917564, 0.0328446], [0.000226691, 0.985612, 0.00400685, 0.0228319], [0.000183943, 0.992806, 0.00472045, 0.0218482]], "gen0-raw-d-score": [8.46805e+06, 8.48486e+06, 2.66926e+06, 2.66269e+06, 2.32601e+06, 2.32416e+06, 2.32415e+06, 2.21999e+06, 1.57065e+06], "gen0-norm-d-score": [1.99297, 2.00144, 1.06983, 1.06238, 1.39933, 1.39954, 1.39954, 1.39933, 0.993057], "gen0-sparsity": 4.8962e+12, "gen0-raw-winner": [860932, 151, 1.64585e+06, 831901], "gen0-norm-winner": [0.0609401, 0.359712, 0.096837, 0], "gen0-winner-naw-d-score": 2.66269e+06, "gen0-winner-norm-d-score": 1.06238, "gen0-time": 15850, "gen1-front": [[860932, 151, 1.64585e+06, 831901], [692759, 238, 1.10423e+06, 877274], [693267, 239, 1.10343e+06, 876792], [699726, 240, 1.07564e+06, 925006], [693267, 239, 1.10343e+06, 876792], [693385, 238, 1.09923e+06, 878813], [693441, 238, 1.09916e+06, 878786], [694337, 239, 1.08104e+06, 899386], [3.4524e+06, 101, 6.96406e+06, 2.88657e+06], [694226, 238, 1.09686e+06, 879558], [3.4524e+06, 101, 6.96406e+06, 2.88657e+06], [694226, 238, 1.09686e+06, 879558]], "gen1-norm-front": [[0.0609401, 0.359712, 0.096837, 0], [0, 0.985612, 0.00485563, 0.0220828], [0.000183943, 0.992806, 0.00472045, 0.0218482], [0.00252441, 1, 0, 0.0453138], [0.000183943, 0.992806, 0.00472045, 0.0218482], [0.000226691, 0.985612, 0.00400685, 0.0228319], [0.000246859, 0.985612, 0.00399564, 0.0228187], [0.000571807, 0.992806, 0.000917564, 0.0328446], [1, 0, 1, 1], [0.000531311, 0.985612, 0.00360504, 0.0231944], [1, 0, 1, 1], [0.000531311, 0.985612, 0.00360504, 0.0231944]], "gen1-raw-d-score": [2.03521e+06, 1.57126e+06, 1.57065e+06, 1.58185e+06, 1.57065e+06, 1.56889e+06, 1.56885e+06, 1.56833e+06, 1.1726e+07, 1.56802e+06, 8.29153e+06, 1.56802e+06], "gen1-norm-d-score": [0.377471, 0.985871, 0.993057, 1.00103, 1.57065e+06, 0.985884, 0.985884, 0.993349, 1.73205, 0.985891, 1.73205, 0.985891], "gen1-sparsity": 3.56086e+12, "gen1-raw-winner": [860932, 151, 1.64585e+06, 831901], "gen1-norm-winner": [0.0609401, 0.359712, 0.096837, 0], "gen1-winner-raw-d-score": 2.03521e+06, "gen1-winner-norm-d-score": 0.377471, "gen1-time": 14589, "gen2-front": [[860932, 151, 1.64585e+06, 831901], [692759, 238, 1.10423e+06, 877274], [693441, 238, 1.09916e+06, 878786], [693385, 238, 1.09923e+06, 878813], [694226, 238, 1.09686e+06, 879558], [693267, 239, 1.10343e+06, 876792], [694337, 239, 1.08104e+06, 899386], [699726, 240, 1.07564e+06, 925006], [693267, 239, 1.10343e+06, 876792], [694226, 238, 1.09686e+06, 879558]], "gen2-norm-front": [[1, 0, 1, 0], [0, 0.977528, 0.0501423, 0.487332], [0.00405085, 0.977528, 0.0412615, 0.503571], [0.00371991, 0.977528, 0.0413772, 0.503861], [0.00871858, 0.977528, 0.0372279, 0.511863], [0.00301843, 0.988764, 0.0487464, 0.482155], [0.0093831, 0.988764, 0.00947534, 0.724827], [0.0414244, 1, 0, 1], [0.00301843, 0.988764, 0.0487464, 0.482155], [0.00871858, 0.977528, 0.0372279, 0.511863]], "gen2-raw-d-score": [2.66304e+06, 2.32614e+06, 2.32479e+06, 2.32394e+06, 2.32545e+06, 2.32728e+06, 2.33292e+06, 2.33477e+06, 2.21938e+06, 1.56802e+06], "gen2-norm-d-score": [2.03744, 1.83358, 1.83784, 1.84604, 1.84642, 1.92807, 2.11721, 2.04202, 1.55934, 1.1041], "gen2-sparsity": 3.58607e+10, "gen2-raw-winner": [692759, 238, 1.10423e+06, 877274], "gen2-norm-winner": [0, 0.977528, 0.0501423, 0.487332], "gen2-winner-raw-d-score": 2.32614e+06, "gen2-winner-norm-d-score": 1.83358, "gen2-time": 14989, "gen3-front": [[692759, 238, 1.10423e+06, 877274], [694226, 238, 1.09686e+06, 879558], [693267, 239, 1.10343e+06, 876792], [693441, 238, 1.09916e+06, 878786], [693385, 238, 1.09923e+06, 878813], [694226, 238, 1.09686e+06, 879558], [693267, 239, 1.10343e+06, 876792], [860932, 151, 1.64585e+06, 831901], [694337, 239, 1.08104e+06, 899386], [699726, 240, 1.07564e+06, 925006], [694588, 240, 1.08077e+06, 899113], [698866, 238, 1.07582e+06, 924983], [694588, 240, 1.08077e+06, 899113]], "gen3-norm-front": [[0, 0.977528, 0.0501423, 0.487332], [0.00871858, 0.977528, 0.0372279, 0.511863], [0.00301843, 0.988764, 0.0487464, 0.482155], [0.00405085, 0.977528, 0.0412615, 0.503571], [0.00371991, 0.977528, 0.0413772, 0.503861], [0.00871858, 0.977528, 0.0372279, 0.511863], [0.00301843, 0.988764, 0.0487464, 0.482155], [1, 0, 1, 0], [0.0093831, 0.988764, 0.00947534, 0.724827], [0.0414244, 1, 0, 1], [0.0108758, 1, 0.00899657, 0.721895], [0.0363111, 0.977528, 0.000317423, 0.999753], [0.0108758, 1, 0.00899657, 0.721895]], "gen3-raw-d-score": [1.57126e+06, 1.56802e+06, 1.71685e+06, 1.56885e+06, 1.56889e+06, 1.56802e+06, 1.57065e+06, 2.03521e+06, 1.56833e+06, 1.58185e+06, 1.56809e+06, 1.58158e+06, 1.56809e+06], "gen3-norm-d-score": [1.09342, 1.1041, 1.10114, 1.10039, 1.10053, 1.1041, 1.10114, 694226, 1.58215, 1.41482, 1.23342, 1.39871, 1.23342], "gen3-sparsity": 2.68933e+10, "gen3-raw-winner": [692759, 238, 1.10423e+06, 877274], "gen3-norm-winner": [0, 0.977528, 0.0501423, 0.487332], "gen3-winner-raw-d-score": 1.57126e+06, "gen3-winner-norm-d-score": 1.09342, "gen3-time": 15052, "gen4-front": [[692759, 238, 1.10423e+06, 877274], [693441, 238, 1.09916e+06, 878786], [693385, 238, 1.09923e+06, 878813], [693267, 239, 1.10343e+06, 876792], [694226, 238, 1.09686e+06, 879558], [698866, 238, 1.07582e+06, 924983], [694337, 239, 1.08104e+06, 899386], [860932, 151, 1.64585e+06, 831901], [694588, 240, 1.08077e+06, 899113], [698866, 238, 1.07582e+06, 924983], [694588, 240, 1.08077e+06, 899113]], "gen4-norm-front": [[0, 0.977528, 0.0498407, 0.487452], [0.00405085, 0.977528, 0.0409571, 0.503696], [0.00371991, 0.977528, 0.0410728, 0.503986], [0.00301843, 0.988764, 0.0484443, 0.482274], [0.00871858, 0.977528, 0.0369222, 0.511989], [0.0363111, 0.977528, 0, 1], [0.0093831, 0.988764, 0.00916082, 0.725006], [1, 0, 1, 0], [0.0108758, 1, 0.00868191, 0.722073], [0.0363111, 0.977528, 0, 1], [0.0108758, 1, 0.00868191, 0.722073]], "gen4-raw-d-score": [2.57279e+06, 2.57311e+06, 2.57166e+06, 2.56348e+06, 2.57115e+06, 2.90019e+06, 2.87267e+06, 2.87173e+06, 2.57115e+06, 2.22717e+06, 1.56809e+06], "gen4-norm-d-score": [1.09346, 1.84452, 1.83871, 1.84082, 2.0381, 2.33674, 2.12218, 2.11624, 2.11628, 1.86506, 1.23352], "gen4-sparsity": 3.22997e+10, "gen4-raw-winner": [692759, 238, 1.10423e+06, 877274], "gen4-norm-winner": [0, 0.977528, 0.0498407, 0.487452], "gen4-winner-raw-d-score": 2.57279e+06, "gen4-winner-norm-d-score": 1.09346, "gen4-time": 15188, "gen5-front": [[692759, 238, 1.10423e+06, 877274], [693385, 238, 1.09923e+06, 878813], [693267, 239, 1.10343e+06, 876792], [693441, 238, 1.09916e+06, 878786], [698866, 238, 1.07582e+06, 924983], [694226, 238, 1.09686e+06, 879558], [860932, 151, 1.64585e+06, 831901], [694337, 239, 1.08104e+06, 899386], [698866, 238, 1.07582e+06, 924983], [694588, 240, 1.08077e+06, 899113], [698866, 238, 1.07582e+06, 924983], [694588, 240, 1.08077e+06, 899113], [694588, 240, 1.08077e+06, 899113], [694588, 240, 1.08077e+06, 899113], [698866, 238, 1.07582e+06, 924983]], "gen5-norm-front": [[0, 0.977528, 0.0498407, 0.487452], [0.00371991, 0.977528, 0.0410728, 0.503986], [0.00301843, 0.988764, 0.0484443, 0.482274], [0.00405085, 0.977528, 0.0409571, 0.503696], [0.0363111, 0.977528, 0, 1], [0.00871858, 0.977528, 0.0369222, 0.511989], [1, 0, 1, 0], [0.0093831, 0.988764, 0.00916082, 0.725006], [0.0363111, 0.977528, 0, 1], [0.0108758, 1, 0.00868191, 0.722073], [0.0363111, 0.977528, 0, 1], [0.0108758, 1, 0.00868191, 0.722073], [0.0108758, 1, 0.00868191, 0.722073], [0.0108758, 1, 0.00868191, 0.722073], [0.0363111, 0.977528, 0, 1]], "gen5-raw-d-score": [2.22042e+06, 2.03951e+06, 2.21996e+06, 2.22771e+06, 2.04608e+06, 2.5692e+06, 2.03521e+06, 2.02619e+06, 2.03762e+06, 2.22717e+06, 2.22717e+06, 2.21762e+06, 2.02717e+06, 1.56809e+06, 1.58158e+06], "gen5-norm-d-score": [1.09346, 1.83878, 1.55678, 1.77984, 2.27509, 1.79419, 1.72564, 1.8602, 1.71961, 1.86506, 2.11628, 1.74447, 1.58801, 1.86506, 1.39889], "gen5-sparsity": 2.30712e+10, "gen5-raw-winner": [692759, 238, 1.10423e+06, 877274], "gen5-norm-winner": [0, 0.977528, 0.0498407, 0.487452], "gen5-winner-raw-d-score": 2.22042e+06, "gen5-winner-norm-d-score": 1.09346, "gen5-time": 15143}, {"source": 249828, "target": 258170, "gen0-front": [[266663, 181, 414199, 366869], [294081, 142, 479365, 367005], [268426, 187, 413574, 366598], [285148, 223, 474831, 335858], [266704, 181, 413609, 366633], [272136, 206, 435812, 346486], [276382, 211, 454055, 337996], [267482, 185, 416124, 362331], [272136, 206, 435812, 346486]], "gen0-norm-front": [[0, 0.481481, 0.00949978, 0.995634], [1, 0, 1, 1], [0.0643253, 0.555556, 0, 0.986933], [0.674189, 1, 0.931085, 0], [0.00148897, 0.481481, 0.000531988, 0.988057], [0.199632, 0.790123, 0.33801, 0.341221], [0.354472, 0.851852, 0.615297, 0.0686422], [0.0298879, 0.530864, 0.0387591, 0.849937], [0.199632, 0.790123, 0.33801, 0.341221]], "gen0-raw-d-score": [614217, 671541, 614402, 647746, 613696, 896447, 629916, 613180, 619712], "gen0-norm-d-score": [1.10598, 1.73205, 1.13438, 1.52363, 1.09913, 0.945955, 1.11113, 1.0033, 0.945955], "gen0-sparsity": 2.14076e+08, "gen0-raw-winner": [266663, 181, 414199, 366869], "gen0-norm-winner": [0, 0.481481, 0.00949978, 0.995634], "gen0-winner-naw-d-score": 614217, "gen0-winner-norm-d-score": 1.10598, "gen0-time": 7420, "gen1-front": [[266663, 181, 414199, 366869], [268426, 187, 413574, 366598], [272136, 206, 435812, 346486], [267482, 185, 416124, 362331], [266704, 181, 413609, 366633], [276382, 211, 454055, 337996], [285148, 223, 474831, 335858], [294081, 142, 479365, 367005], [266704, 181, 413609, 366633], [267482, 185, 416124, 362331], [266704, 181, 413609, 366633], [272136, 206, 435812, 346486], [278527, 214, 462086, 336520], [294081, 142, 479365, 367005], [266704, 181, 413609, 366633]], "gen1-norm-front": [[0, 0.481481, 0.00949978, 0.995634], [0.0643253, 0.555556, 0, 0.986933], [0.199632, 0.790123, 0.33801, 0.341221], [0.0298879, 0.530864, 0.0387591, 0.849937], [0.00148897, 0.481481, 0.000531988, 0.988057], [0.354472, 0.851852, 0.615297, 0.0686422], [0.674189, 1, 0.931085, 0], [1, 0, 1, 1], [0.00148897, 0.481481, 0.000531988, 0.988057], [0.0298879, 0.530864, 0.0387591, 0.849937], [0.00148897, 0.481481, 0.000531988, 0.988057], [0.199632, 0.790123, 0.33801, 0.341221], [0.432723, 0.888889, 0.737365, 0.0212541], [1, 0, 1, 1], [0.00148897, 0.481481, 0.000531988, 0.988057]], "gen1-raw-d-score": [614217, 614402, 619712, 613180, 613696, 829394, 647746, 671541, 613696, 613180, 613696, 619712, 635883, 671541, 613696], "gen1-norm-d-score": [1.10598, 1.13438, 0.945955, 1.0033, 1.09913, 1.11113, 614217, 1.73205, 1.09913, 671541, 1.09913, 0.945955, 1.2335, 1.73205, 1.09913], "gen1-sparsity": 1.05538e+08, "gen1-raw-winner": [266663, 181, 414199, 366869], "gen1-norm-winner": [0, 0.481481, 0.00949978, 0.995634], "gen1-winner-raw-d-score": 614217, "gen1-winner-norm-d-score": 1.10598, "gen1-time": 6689, "gen2-front": [[266663, 181, 414199, 366869], [268426, 187, 413574, 366598], [272136, 206, 435812, 346486], [267482, 185, 416124, 362331], [266704, 181, 413609, 366633], [276382, 211, 454055, 337996], [266704, 181, 413609, 366633], [267482, 185, 416124, 362331], [266704, 181, 413609, 366633], [272136, 206, 435812, 346486]], "gen2-norm-front": [[0, 0, 0.0154393, 1], [0.181468, 0.2, 0, 0.990614], [0.563182, 0.833333, 0.549344, 0.294046], [0.0843168, 0.133333, 0.0629925, 0.842829], [0.00420055, 0, 0.000864603, 0.991826], [1, 1, 1, 0], [0.00420055, 0, 0.000864603, 0.991826], [0.0843168, 0.133333, 0.0629925, 0.842829], [0.00420055, 0, 0.000864603, 0.991826], [0.563182, 0.833333, 0.549344, 0.294046]], "gen2-raw-d-score": [910391, 912732, 911682, 910494, 918993, 919219, 907603, 909214, 872162, 619712], "gen2-norm-d-score": [1.75103, 1.57448, 1.46256, 1.9295, 1.99593, 2.00216, 1.31262, 1.65365, 1.54389, 1.18316], "gen2-sparsity": 1.2213e+08, "gen2-raw-winner": [266704, 181, 413609, 366633], "gen2-norm-winner": [0.00420055, 0, 0.000864603, 0.991826], "gen2-winner-raw-d-score": 907603, "gen2-winner-norm-d-score": 1.31262, "gen2-time": 5521, "gen3-front": [[266704, 181, 413609, 366633], [268426, 187, 413574, 366598], [266663, 181, 414199, 366869], [266704, 181, 413609, 366633], [272136, 206, 435812, 346486], [267482, 185, 416124, 362331], [276382, 211, 454055, 337996], [266704, 181, 413609, 366633], [270274, 186, 420538, 356778], [266704, 181, 413609, 366633], [285148, 223, 474831, 335858]], "gen3-norm-front": [[0.00220854, 0, 0.000571363, 0.99239], [0.0954114, 0.142857, 0, 0.991261], [0, 0, 0.0102029, 1], [0.00220854, 0, 0.000571363, 0.99239], [0.296107, 0.595238, 0.363028, 0.342717], [0.0443317, 0.0952381, 0.0416279, 0.853665], [0.525775, 0.714286, 0.660839, 0.0689433], [0.00220854, 0, 0.000571363, 0.99239], [0.195337, 0.119048, 0.113685, 0.674599], [0.00220854, 0, 0.000571363, 0.99239], [1, 1, 1, 0]], "gen3-raw-d-score": [998390, 998477, 1.0089e+06, 1.00268e+06, 1.02107e+06, 1.00747e+06, 1.01159e+06, 998006, 1.02985e+06, 892299, 647746], "gen3-norm-d-score": [1.41317, 1.41853, 1.5996, 1.29955, 1.62975, 1.40343, 1.50937, 1.22686, 2.12254, 1.99621, 1.73205], "gen3-sparsity": 1.35621e+08, "gen3-raw-winner": [266704, 181, 413609, 366633], "gen3-norm-winner": [0.00220854, 0, 0.000571363, 0.99239], "gen3-winner-raw-d-score": 998006, "gen3-winner-norm-d-score": 1.22686, "gen3-time": 5562, "gen4-front": [[266704, 181, 413609, 366633], [268426, 187, 413574, 366598], [266663, 181, 414199, 366869], [266704, 181, 413609, 366633], [267482, 185, 416124, 362331], [276382, 211, 454055, 337996], [272136, 206, 435812, 346486], [270274, 186, 420538, 356778], [266704, 181, 413609, 366633], [272136, 206, 435812, 346486], [267482, 185, 416124, 362331], [266704, 181, 413609, 366633]], "gen4-norm-front": [[0.00420055, 0, 0.000864603, 0.991826], [0.181468, 0.2, 0, 0.990614], [0, 0, 0.0154393, 1], [0.00420055, 0, 0.000864603, 0.991826], [0.0843168, 0.133333, 0.0629925, 0.842829], [1, 1, 1, 0], [0.563182, 0.833333, 0.549344, 0.294046], [0.371522, 0.166667, 0.172031, 0.650504], [0.00420055, 0, 0.000864603, 0.991826], [0.563182, 0.833333, 0.549344, 0.294046], [0.0843168, 0.133333, 0.0629925, 0.842829], [0.00420055, 0, 0.000864603, 0.991826]], "gen4-raw-d-score": [1.06366e+06, 1.06366e+06, 1.06296e+06, 1.0721e+06, 1.07556e+06, 1.07612e+06, 1.0667e+06, 1.0667e+06, 1.06614e+06, 1.06614e+06, 867533, 613696], "gen4-norm-d-score": [1.74305, 1.74305, 1.65021, 2.17324, 2.26695, 2.24018, 1.73267, 1.73267, 1.76715, 1.76715, 1.31261, 0.991836], "gen4-sparsity": 7.66501e+07, "gen4-raw-winner": [266704, 181, 413609, 366633], "gen4-norm-winner": [0.00420055, 0, 0.000864603, 0.991826], "gen4-winner-raw-d-score": 613696, "gen4-winner-norm-d-score": 0.991836, "gen4-time": 5542, "gen5-front": [[266704, 181, 413609, 366633], [266663, 181, 414199, 366869], [266704, 181, 413609, 366633], [268426, 187, 413574, 366598], [266704, 181, 413609, 366633], [267482, 185, 416124, 362331], [272136, 206, 435812, 346486], [270274, 186, 420538, 356778], [272136, 206, 435812, 346486], [266704, 181, 413609, 366633], [270274, 186, 420538, 356778], [266704, 181, 413609, 366633], [270274, 186, 420538, 356778]], "gen5-norm-front": [[0.0074586, 0, 0.00157388, 0.988422], [0, 0, 0.028105, 1], [0.0074586, 0, 0.00157388, 0.988422], [0.32222, 0.24, 0, 0.986705], [0.0074586, 0, 0.00157388, 0.988422], [0.149715, 0.16, 0.114669, 0.777363], [1, 1, 1, 0], [0.659684, 0.2, 0.313158, 0.504931], [1, 1, 1, 0], [0.0074586, 0, 0.00157388, 0.988422], [0.659684, 0.2, 0.313158, 0.504931], [0.0074586, 0, 0.00157388, 0.988422], [0.659684, 0.2, 0.313158, 0.504931]], "gen5-raw-d-score": [868397, 614217, 613696, 614402, 613696, 613180, 619712, 614158, 619712, 613696, 614158, 613696, 614158], "gen5-norm-d-score": [0.988451, 1.00039, 0.988451, 1.06537, 0.988451, 0.815756, 1.73205, 0.910058, 1.73205, 272136, 0.910058, 0.988451, 0.910058], "gen5-sparsity": 3.502e+07, "gen5-raw-winner": [266704, 181, 413609, 366633], "gen5-norm-winner": [0.0074586, 0, 0.00157388, 0.988422], "gen5-winner-raw-d-score": 868397, "gen5-winner-norm-d-score": 0.988451, "gen5-time": 5510}, {"source": 229840, "target": 76047, "gen0-front": [[701903, 0, 1.04445e+06, 956724], [702727, 0, 1.04293e+06, 955893], [705979, 0, 1.03353e+06, 966747], [914241, 0, 1.70063e+06, 907508], [704659, 0, 1.03426e+06, 967086], [702234, 0, 1.04356e+06, 956352], [702727, 0, 1.04293e+06, 955893], [701903, 0, 1.04445e+06, 956724]], "gen0-norm-front": [[0, 0, 0.0163679, 0.826077], [0.0038819, 0, 0.0140864, 0.812129], [0.0191976, 0, 0, 0.99431], [1, 0, 1, 0], [0.0129779, 0, 0.00109579, 1], [0.00155946, 0, 0.0150263, 0.819833], [0.0038819, 0, 0.0140864, 0.812129], [0, 0, 0.0163679, 0.826077]], "gen0-raw-d-score": [2.23475e+06, 2.23527e+06, 2.6557e+06, 2.65576e+06, 2.23568e+06, 2.23428e+06, 2.23475e+06, 1.58078e+06], "gen0-norm-d-score": [1.15864, 1.28405, 1.72888, 1.7321, 1.29326, 1.15418, 1.15864, 0.826239], "gen0-sparsity": 6.80668e+10, "gen0-raw-winner": [701903, 0, 1.04445e+06, 956724], "gen0-norm-winner": [0, 0, 0.0163679, 0.826077], "gen0-winner-naw-d-score": 1.58078e+06, "gen0-winner-norm-d-score": 0.826239, "gen0-time": 15882, "gen1-front": [[701903, 0, 1.04445e+06, 956724], [705979, 0, 1.03353e+06, 966747], [702234, 0, 1.04356e+06, 956352], [702727, 0, 1.04293e+06, 955893], [704659, 0, 1.03426e+06, 967086], [914241, 0, 1.70063e+06, 907508], [704659, 0, 1.03426e+06, 967086], [914241, 0, 1.70063e+06, 907508], [704659, 0, 1.03426e+06, 967086], [702727, 0, 1.04293e+06, 955893]], "gen1-norm-front": [[0, 0, 0.0163679, 0.826077], [0.0191976, 0, 0, 0.99431], [0.00155946, 0, 0.0150263, 0.819833], [0.0038819, 0, 0.0140864, 0.812129], [0.0129779, 0, 0.00109579, 1], [1, 0, 1, 0], [0.0129779, 0, 0.00109579, 1], [1, 0, 1, 0], [0.0129779, 0, 0.00109579, 1], [0.0038819, 0, 0.0140864, 0.812129]], "gen1-raw-d-score": [2.34376e+06, 2.34345e+06, 2.34277e+06, 2.41508e+06, 2.74765e+06, 2.80871e+06, 2.74765e+06, 2.74716e+06, 2.23534e+06, 1.57964e+06], "gen1-norm-d-score": [1.29294, 1.28895, 1.15425, 1.63093, 1.73215, 2.00004, 1.73215, 1.7321, 1.28839, 0.81226], "gen1-sparsity": 5.29408e+10, "gen1-raw-winner": [705979, 0, 1.03353e+06, 966747], "gen1-norm-winner": [0.0191976, 0, 0, 0.99431], "gen1-winner-raw-d-score": 2.34345e+06, "gen1-winner-norm-d-score": 1.28895, "gen1-time": 15398, "gen2-front": [[705979, 0, 1.03353e+06, 966747], [701903, 0, 1.04445e+06, 956724], [702727, 0, 1.04293e+06, 955893], [702234, 0, 1.04356e+06, 956352], [702727, 0, 1.04293e+06, 955893], [704659, 0, 1.03426e+06, 967086], [914241, 0, 1.70063e+06, 907508], [704659, 0, 1.03426e+06, 967086], [914241, 0, 1.70063e+06, 907508], [704659, 0, 1.03426e+06, 967086], [914241, 0, 1.70063e+06, 907508], [704659, 0, 1.03426e+06, 967086], [914241, 0, 1.70063e+06, 907508]], "gen2-norm-front": [[0.0191976, 0, 0, 0.99431], [0, 0, 0.0163679, 0.826077], [0.0038819, 0, 0.0140864, 0.812129], [0.00155946, 0, 0.0150263, 0.819833], [0.0038819, 0, 0.0140864, 0.812129], [0.0129779, 0, 0.00109579, 1], [1, 0, 1, 0], [0.0129779, 0, 0.00109579, 1], [1, 0, 1, 0], [0.0129779, 0, 0.00109579, 1], [1, 0, 1, 0], [0.0129779, 0, 0.00109579, 1], [1, 0, 1, 0]], "gen2-raw-d-score": [2.3439e+06, 2.23475e+06, 1.7287e+06, 2.34277e+06, 2.23534e+06, 1.58161e+06, 2.24679e+06, 1.82684e+06, 2.65576e+06, 1.82684e+06, 2.80871e+06, 3.40655e+06, 2.13343e+06], "gen2-norm-d-score": [0.994495, 1.15864, 1.15418, 1.15425, 1.28839, 1.00008, 1.7321, 1.41427, 1.7321, 1.7321, 1.7321, 1.7321, 1.41421], "gen2-sparsity": 3.97056e+10, "gen2-raw-winner": [705979, 0, 1.03353e+06, 966747], "gen2-norm-winner": [0.0191976, 0, 0, 0.99431], "gen2-winner-raw-d-score": 2.3439e+06, "gen2-winner-norm-d-score": 0.994495, "gen2-time": 15595, "gen3-front": [[705979, 0, 1.03353e+06, 966747], [701903, 0, 1.04445e+06, 956724], [702727, 0, 1.04293e+06, 955893], [702234, 0, 1.04356e+06, 956352], [702727, 0, 1.04293e+06, 955893], [704659, 0, 1.03426e+06, 967086], [914241, 0, 1.70063e+06, 907508], [704659, 0, 1.03426e+06, 967086], [914241, 0, 1.70063e+06, 907508], [704659, 0, 1.03426e+06, 967086], [914241, 0, 1.70063e+06, 907508], [704659, 0, 1.03426e+06, 967086], [914241, 0, 1.70063e+06, 907508]], "gen3-norm-front": [[0.0191976, 0, 0, 0.99431], [0, 0, 0.0163679, 0.826077], [0.0038819, 0, 0.0140864, 0.812129], [0.00155946, 0, 0.0150263, 0.819833], [0.0038819, 0, 0.0140864, 0.812129], [0.0129779, 0, 0.00109579, 1], [1, 0, 1, 0], [0.0129779, 0, 0.00109579, 1], [1, 0, 1, 0], [0.0129779, 0, 0.00109579, 1], [1, 0, 1, 0], [0.0129779, 0, 0.00109579, 1], [1, 0, 1, 0]], "gen3-raw-d-score": [2.82638e+06, 2.82572e+06, 2.82556e+06, 2.88606e+06, 3.16936e+06, 3.22341e+06, 3.47867e+06, 3.22341e+06, 3.47867e+06, 3.22341e+06, 3.40655e+06, 2.65576e+06, 2.13343e+06], "gen3-norm-d-score": [1.52691, 1.41944, 1.4114, 1.82546, 1.91314, 2.23614, 2.23614, 2.23614, 2.23614, 2.23614, 2.23611, 1.7321, 1.41421], "gen3-sparsity": 3.97056e+10, "gen3-raw-winner": [701903, 0, 1.04445e+06, 956724], "gen3-norm-winner": [0, 0, 0.0163679, 0.826077], "gen3-winner-raw-d-score": 2.82572e+06, "gen3-winner-norm-d-score": 1.41944, "gen3-time": 15404, "gen4-front": [[701903, 0, 1.04445e+06, 956724], [705979, 0, 1.03353e+06, 966747], [702727, 0, 1.04293e+06, 955893], [702234, 0, 1.04356e+06, 956352], [702727, 0, 1.04293e+06, 955893], [914241, 0, 1.70063e+06, 907508], [704659, 0, 1.03426e+06, 967086], [914241, 0, 1.70063e+06, 907508], [704659, 0, 1.03426e+06, 967086], [914241, 0, 1.70063e+06, 907508], [704659, 0, 1.03426e+06, 967086], [914241, 0, 1.70063e+06, 907508]], "gen4-norm-front": [[0, 0, 0.0163679, 0.826077], [0.0191976, 0, 0, 0.99431], [0.0038819, 0, 0.0140864, 0.812129], [0.00155946, 0, 0.0150263, 0.819833], [0.0038819, 0, 0.0140864, 0.812129], [1, 0, 1, 0], [0.0129779, 0, 0.00109579, 1], [1, 0, 1, 0], [0.0129779, 0, 0.00109579, 1], [1, 0, 1, 0], [0.0129779, 0, 0.00109579, 1], [1, 0, 1, 0]], "gen4-raw-d-score": [2.73776e+06, 2.73737e+06, 2.73629e+06, 3.08926e+06, 3.09003e+06, 3.40655e+06, 3.09104e+06, 3.40655e+06, 3.09104e+06, 3.40655e+06, 2.65576e+06, 2.13343e+06], "gen4-norm-d-score": [1.52691, 1.52353, 1.41134, 1.82541, 1.9131, 2.23611, 2.00008, 2.23611, 2.00008, 2.23611, 1.7321, 1.41421], "gen4-sparsity": 4.33152e+10, "gen4-raw-winner": [705979, 0, 1.03353e+06, 966747], "gen4-norm-winner": [0.0191976, 0, 0, 0.99431], "gen4-winner-raw-d-score": 2.73737e+06, "gen4-winner-norm-d-score": 1.52353, "gen4-time": 15447, "gen5-front": [[705979, 0, 1.03353e+06, 966747], [701903, 0, 1.04445e+06, 956724], [702727, 0, 1.04293e+06, 955893], [702234, 0, 1.04356e+06, 956352], [702727, 0, 1.04293e+06, 955893], [914241, 0, 1.70063e+06, 907508], [704659, 0, 1.03426e+06, 967086], [914241, 0, 1.70063e+06, 907508], [704659, 0, 1.03426e+06, 967086], [914241, 0, 1.70063e+06, 907508], [704659, 0, 1.03426e+06, 967086], [914241, 0, 1.70063e+06, 907508]], "gen5-norm-front": [[0.0191976, 0, 0, 0.99431], [0, 0, 0.0163679, 0.826077], [0.0038819, 0, 0.0140864, 0.812129], [0.00155946, 0, 0.0150263, 0.819833], [0.0038819, 0, 0.0140864, 0.812129], [1, 0, 1, 0], [0.0129779, 0, 0.00109579, 1], [1, 0, 1, 0], [0.0129779, 0, 0.00109579, 1], [1, 0, 1, 0], [0.0129779, 0, 0.00109579, 1], [1, 0, 1, 0]], "gen5-raw-d-score": [1.58152e+06, 1.58078e+06, 1.57964e+06, 1.58011e+06, 1.57964e+06, 2.13343e+06, 1.58161e+06, 2.13343e+06, 2.65576e+06, 2.13343e+06, 1.58161e+06, 2.13343e+06], "gen5-norm-d-score": [1.72888, 0.826239, 0.81226, 0.819972, 0.81226, 1.41421, 1.00008, 1.41421, 1.00008, 1.41421, 1.00008, 1.41421], "gen5-sparsity": 4.33152e+10, "gen5-raw-winner": [701903, 0, 1.04445e+06, 956724], "gen5-norm-winner": [0, 0, 0.0163679, 0.826077], "gen5-winner-raw-d-score": 1.58078e+06, "gen5-winner-norm-d-score": 0.826239, "gen5-time": 15560}, {"source": 220413, "target": 148930, "gen0-front": [[259885, 0, 396990, 344922], [259885, 0, 396990, 344922], [260532, 0, 396696, 346214], [315850, 0, 622191, 277625], [267571, 0, 465440, 305525], [259885, 0, 396990, 344922], [267571, 0, 465440, 305525]], "gen0-norm-front": [[0, 0, 0.0013038, 0.981163], [0, 0, 0.0013038, 0.981163], [0.011562, 0, 0, 1], [1, 0, 1, 0], [0.137344, 0, 0.304858, 0.406771], [0, 0, 0.0013038, 0.981163], [0.137344, 0, 0.304858, 0.406771]], "gen0-raw-d-score": [754489, 754557, 912136, 923140, 778919, 795199, 617717], "gen0-norm-d-score": [0.981165, 0.981232, 1.73209, 1.4532, 0.526561, 1.03657, 0.526559], "gen0-sparsity": 5.66157e+09, "gen0-raw-winner": [259885, 0, 396990, 344922], "gen0-norm-winner": [0, 0, 0.0013038, 0.981163], "gen0-winner-naw-d-score": 754489, "gen0-winner-norm-d-score": 0.981165, "gen0-time": 4324, "gen1-front": [[259885, 0, 396990, 344922], [267571, 0, 465440, 305525], [260532, 0, 396696, 346214], [315850, 0, 622191, 277625], [259885, 0, 396990, 344922], [315850, 0, 622191, 277625], [259885, 0, 396990, 344922]], "gen1-norm-front": [[0, 0, 0.0013038, 0.981163], [0.137344, 0, 0.304858, 0.406771], [0.011562, 0, 0, 1], [1, 0, 1, 0], [0, 0, 0.0013038, 0.981163], [1, 0, 1, 0], [0, 0, 0.0013038, 0.981163]], "gen1-raw-d-score": [795199, 778986, 912136, 888313, 911590, 888313, 586611], "gen1-norm-d-score": [1.03657, 0.526686, 1.73209, 1.41421, 1.72124, 1.41421, 0.981164], "gen1-sparsity": 5.66157e+09, "gen1-raw-winner": [259885, 0, 396990, 344922], "gen1-norm-winner": [0, 0, 0.0013038, 0.981163], "gen1-winner-raw-d-score": 586611, "gen1-winner-norm-d-score": 0.981164, "gen1-time": 3286, "gen2-front": [[259885, 0, 396990, 344922], [267571, 0, 465440, 305525], [260532, 0, 396696, 346214], [315850, 0, 622191, 277625], [259885, 0, 396990, 344922], [315850, 0, 622191, 277625], [259885, 0, 396990, 344922]], "gen2-norm-front": [[0, 0, 0.0013038, 0.981163], [0.137344, 0, 0.304858, 0.406771], [0.011562, 0, 0, 1], [1, 0, 1, 0], [0, 0, 0.0013038, 0.981163], [1, 0, 1, 0], [0, 0, 0.0013038, 0.981163]], "gen2-raw-d-score": [795199, 778986, 912136, 888313, 911590, 888313, 586611], "gen2-norm-d-score": [1.03657, 0.526686, 1.73209, 1.41421, 1.72124, 1.41421, 0.981164], "gen2-sparsity": 5.66157e+09, "gen2-raw-winner": [259885, 0, 396990, 344922], "gen2-norm-winner": [0, 0, 0.0013038, 0.981163], "gen2-winner-raw-d-score": 586611, "gen2-winner-norm-d-score": 0.981164, "gen2-time": 3222, "gen3-front": [[259885, 0, 396990, 344922], [267571, 0, 465440, 305525], [260532, 0, 396696, 346214], [315850, 0, 622191, 277625], [259885, 0, 396990, 344922], [315850, 0, 622191, 277625], [259885, 0, 396990, 344922]], "gen3-norm-front": [[0, 0, 0.0013038, 0.981163], [0.137344, 0, 0.304858, 0.406771], [0.011562, 0, 0, 1], [1, 0, 1, 0], [0, 0, 0.0013038, 0.981163], [1, 0, 1, 0], [0, 0, 0.0013038, 0.981163]], "gen3-raw-d-score": [795199, 778986, 912136, 888313, 911590, 888313, 586611], "gen3-norm-d-score": [1.03657, 0.526686, 1.73209, 1.41421, 1.72124, 1.41421, 0.981164], "gen3-sparsity": 5.66157e+09, "gen3-raw-winner": [259885, 0, 396990, 344922], "gen3-norm-winner": [0, 0, 0.0013038, 0.981163], "gen3-winner-raw-d-score": 586611, "gen3-winner-norm-d-score": 0.981164, "gen3-time": 3204, "gen4-front": [[259885, 0, 396990, 344922], [267571, 0, 465440, 305525], [260532, 0, 396696, 346214], [315850, 0, 622191, 277625], [259885, 0, 396990, 344922], [315850, 0, 622191, 277625], [259885, 0, 396990, 344922], [267571, 0, 465440, 305525]], "gen4-norm-front": [[0, 0, 0.0013038, 0.981163], [0.137344, 0, 0.304858, 0.406771], [0.011562, 0, 0, 1], [1, 0, 1, 0], [0, 0, 0.0013038, 0.981163], [1, 0, 1, 0], [0, 0, 0.0013038, 0.981163], [0.137344, 0, 0.304858, 0.406771]], "gen4-raw-d-score": [851872, 852457, 953450, 952928, 952928, 952928, 851872, 617717], "gen4-norm-d-score": [1.11353, 1.13022, 1.73209, 1.72124, 1.72124, 1.72124, 1.11353, 0.526559], "gen4-sparsity": 4.85277e+09, "gen4-raw-winner": [259885, 0, 396990, 344922], "gen4-norm-winner": [0, 0, 0.0013038, 0.981163], "gen4-winner-raw-d-score": 851872, "gen4-winner-norm-d-score": 1.11353, "gen4-time": 3270, "gen5-front": [[259885, 0, 396990, 344922], [267571, 0, 465440, 305525], [260532, 0, 396696, 346214], [315850, 0, 622191, 277625], [259885, 0, 396990, 344922], [315850, 0, 622191, 277625], [259885, 0, 396990, 344922]], "gen5-norm-front": [[0, 0, 0.0013038, 0.981163], [0.137344, 0, 0.304858, 0.406771], [0.011562, 0, 0, 1], [1, 0, 1, 0], [0, 0, 0.0013038, 0.981163], [1, 0, 1, 0], [0, 0, 0.0013038, 0.981163]], "gen5-raw-d-score": [795199, 778986, 912136, 888313, 911590, 888313, 586611], "gen5-norm-d-score": [1.03657, 0.526686, 1.73209, 1.41421, 1.72124, 1.41421, 0.981164], "gen5-sparsity": 5.66157e+09, "gen5-raw-winner": [259885, 0, 396990, 344922], "gen5-norm-winner": [0, 0, 0.0013038, 0.981163], "gen5-winner-raw-d-score": 586611, "gen5-winner-norm-d-score": 0.981164, "gen5-time": 3207}, {"source": 6447, "target": 141968, "gen0-front": [[581350, 374, 881538, 780076], [2.73908e+06, 182, 5.44311e+06, 2.35948e+06], [588505, 328, 867129, 806768], [700306, 451, 1.27964e+06, 714796], [581350, 374, 881538, 780076], [581399, 375, 881323, 780333], [581350, 374, 881538, 780076], [581963, 377, 887207, 777664], [581652, 373, 882593, 779265]], "gen0-norm-front": [[0, 0.713755, 0.00314883, 0.0396915], [1, 0, 1, 1], [0.00331592, 0.542751, 0, 0.0559207], [0.0551302, 1, 0.0901472, 0], [0, 0.713755, 0.00314883, 0.0396915], [2.24973e-05, 0.717472, 0.00310185, 0.0398477], [0, 0.713755, 0.00314883, 0.0396915], [0.000284104, 0.724907, 0.00438769, 0.0382249], [0.000139719, 0.710037, 0.00337938, 0.0391984]], "gen0-raw-d-score": [6.69082e+06, 6.70349e+06, 2.17392e+06, 2.16806e+06, 1.94557e+06, 1.94575e+06, 1.94743e+06, 1.8588e+06, 1.31322e+06], "gen0-norm-d-score": [1.87378, 1.8168, 1.14406, 1.23377, 1.0136, 1.0136, 1.01882, 1.0162, 0.711126], "gen0-sparsity": 3.00918e+12, "gen0-raw-winner": [581350, 374, 881538, 780076], "gen0-norm-winner": [0, 0.713755, 0.00314883, 0.0396915], "gen0-winner-naw-d-score": 1.94557e+06, "gen0-winner-norm-d-score": 1.0136, "gen0-time": 9370, "gen1-front": [[581350, 374, 881538, 780076], [588505, 328, 867129, 806768], [581350, 374, 881538, 780076], [581652, 373, 882593, 779265], [581399, 375, 881323, 780333], [581963, 377, 887207, 777664], [700306, 451, 1.27964e+06, 714796], [2.73908e+06, 182, 5.44311e+06, 2.35948e+06], [581350, 374, 881538, 780076], [2.73908e+06, 182, 5.44311e+06, 2.35948e+06], [581350, 374, 881538, 780076]], "gen1-norm-front": [[0, 0.713755, 0.00314883, 0.0396915], [0.00331592, 0.542751, 0, 0.0559207], [0, 0.713755, 0.00314883, 0.0396915], [0.000139719, 0.710037, 0.00337938, 0.0391984], [2.24973e-05, 0.717472, 0.00310185, 0.0398477], [0.000284104, 0.724907, 0.00438769, 0.0382249], [0.0551302, 1, 0.0901472, 0], [1, 0, 1, 1], [0, 0.713755, 0.00314883, 0.0396915], [1, 0, 1, 1], [0, 0.713755, 0.00314883, 0.0396915]], "gen1-raw-d-score": [1.31286e+06, 1.32255e+06, 1.68484e+06, 1.31322e+06, 1.31289e+06, 1.31551e+06, 1.62445e+06, 6.53431e+06, 1.31286e+06, 6.53431e+06, 1.31286e+06], "gen1-norm-d-score": [1.01097, 0.545634, 0.714864, 0.711126, 1.45874e+06, 0.725927, 1.00557, 1.73205, 0.714864, 1.73205, 0.714864], "gen1-sparsity": 2.40734e+12, "gen1-raw-winner": [588505, 328, 867129, 806768], "gen1-norm-winner": [0.00331592, 0.542751, 0, 0.0559207], "gen1-winner-raw-d-score": 1.32255e+06, "gen1-winner-norm-d-score": 0.545634, "gen1-time": 8635, "gen2-front": [[588505, 328, 867129, 806768], [581350, 374, 881538, 780076], [581652, 373, 882593, 779265], [581963, 377, 887207, 777664], [700306, 451, 1.27964e+06, 714796], [581399, 375, 881323, 780333], [2.73908e+06, 182, 5.44311e+06, 2.35948e+06], [581350, 374, 881538, 780076], [2.73908e+06, 182, 5.44311e+06, 2.35948e+06]], "gen2-norm-front": [[0.00331592, 0.542751, 0, 0.0559207], [0, 0.713755, 0.00314883, 0.0396915], [0.000139719, 0.710037, 0.00337938, 0.0391984], [0.000284104, 0.724907, 0.00438769, 0.0382249], [0.0551302, 1, 0.0901472, 0], [2.24973e-05, 0.717472, 0.00310185, 0.0398477], [1, 0, 1, 1], [0, 0.713755, 0.00314883, 0.0396915], [1, 0, 1, 1]], "gen2-raw-d-score": [1.32255e+06, 1.31286e+06, 1.31322e+06, 1.31551e+06, 1.62445e+06, 1.31289e+06, 6.66489e+06, 1.31286e+06, 6.53431e+06], "gen2-norm-d-score": [0.545634, 0.714864, 0.711126, 0.725927, 1.00557, 0.718585, 1.73205, 0.714864, 1.73205], "gen2-sparsity": 3.00918e+12, "gen2-raw-winner": [588505, 328, 867129, 806768], "gen2-norm-winner": [0.00331592, 0.542751, 0, 0.0559207], "gen2-winner-raw-d-score": 1.32255e+06, "gen2-winner-norm-d-score": 0.545634, "gen2-time": 8652, "gen3-front": [[588505, 328, 867129, 806768], [581350, 374, 881538, 780076], [581652, 373, 882593, 779265], [581399, 375, 881323, 780333], [581963, 377, 887207, 777664], [700306, 451, 1.27964e+06, 714796], [2.73908e+06, 182, 5.44311e+06, 2.35948e+06], [581350, 374, 881538, 780076], [2.73908e+06, 182, 5.44311e+06, 2.35948e+06], [581350, 374, 881538, 780076]], "gen3-norm-front": [[0.00331592, 0.542751, 0, 0.0559207], [0, 0.713755, 0.00314883, 0.0396915], [0.000139719, 0.710037, 0.00337938, 0.0391984], [2.24973e-05, 0.717472, 0.00310185, 0.0398477], [0.000284104, 0.724907, 0.00438769, 0.0382249], [0.0551302, 1, 0.0901472, 0], [1, 0, 1, 1], [0, 0.713755, 0.00314883, 0.0396915], [1, 0, 1, 1], [0, 0.713755, 0.00314883, 0.0396915]], "gen3-raw-d-score": [1.95219e+06, 1.94581e+06, 1.946e+06, 1.98612e+06, 3.44557e+06, 6.75825e+06, 7.20578e+06, 6.6902e+06, 6.66489e+06, 1.31286e+06], "gen3-norm-d-score": [1.14582, 1.23754, 1.24401, 1.43052, 1.59315, 2.12617, 2.12392, 2.00511, 1.87377, 0.714864], "gen3-sparsity": 2.67482e+12, "gen3-raw-winner": [581350, 374, 881538, 780076], "gen3-norm-winner": [0, 0.713755, 0.00314883, 0.0396915], "gen3-winner-raw-d-score": 1.31286e+06, "gen3-winner-norm-d-score": 0.714864, "gen3-time": 9061, "gen4-front": [[581350, 374, 881538, 780076], [588505, 328, 867129, 806768], [581350, 374, 881538, 780076], [581652, 373, 882593, 779265], [581399, 375, 881323, 780333], [581963, 377, 887207, 777664], [700306, 451, 1.27964e+06, 714796], [2.73908e+06, 182, 5.44311e+06, 2.35948e+06], [581350, 374, 881538, 780076], [2.73908e+06, 182, 5.44311e+06, 2.35948e+06]], "gen4-norm-front": [[0, 0.713755, 0.00314883, 0.0396915], [0.00331592, 0.542751, 0, 0.0559207], [0, 0.713755, 0.00314883, 0.0396915], [0.000139719, 0.710037, 0.00337938, 0.0391984], [2.24973e-05, 0.717472, 0.00310185, 0.0398477], [0.000284104, 0.724907, 0.00438769, 0.0382249], [0.0551302, 1, 0.0901472, 0], [1, 0, 1, 1], [0, 0.713755, 0.00314883, 0.0396915], [1, 0, 1, 1]], "gen4-raw-d-score": [1.9521e+06, 1.95219e+06, 1.94581e+06, 1.946e+06, 1.98612e+06, 3.44557e+06, 6.75825e+06, 7.20578e+06, 6.66489e+06, 6.53431e+06], "gen4-norm-d-score": [1.14813, 1.14582, 1.23754, 1.24401, 1.43052, 1.59315, 2.12617, 2.12392, 1.87377, 1.73205], "gen4-sparsity": 2.67482e+12, "gen4-raw-winner": [588505, 328, 867129, 806768], "gen4-norm-winner": [0.00331592, 0.542751, 0, 0.0559207], "gen4-winner-raw-d-score": 1.95219e+06, "gen4-winner-norm-d-score": 1.14582, "gen4-time": 9099, "gen5-front": [[588505, 328, 867129, 806768], [581350, 374, 881538, 780076], [581652, 373, 882593, 779265], [581399, 375, 881323, 780333], [581963, 377, 887207, 777664], [700306, 451, 1.27964e+06, 714796], [2.73908e+06, 182, 5.44311e+06, 2.35948e+06], [581350, 374, 881538, 780076], [2.73908e+06, 182, 5.44311e+06, 2.35948e+06]], "gen5-norm-front": [[0.00331592, 0.542751, 0, 0.0559207], [0, 0.713755, 0.00314883, 0.0396915], [0.000139719, 0.710037, 0.00337938, 0.0391984], [2.24973e-05, 0.717472, 0.00310185, 0.0398477], [0.000284104, 0.724907, 0.00438769, 0.0382249], [0.0551302, 1, 0.0901472, 0], [1, 0, 1, 1], [0, 0.713755, 0.00314883, 0.0396915], [1, 0, 1, 1]], "gen5-raw-d-score": [1.95219e+06, 1.94581e+06, 1.946e+06, 1.98612e+06, 3.44557e+06, 6.75825e+06, 7.20578e+06, 6.66489e+06, 6.53431e+06], "gen5-norm-d-score": [0.899304, 1.00833, 1.01097, 1.02292, 1.59315, 2.00279, 2.12392, 1.87377, 1.73205], "gen5-sparsity": 3.00918e+12, "gen5-raw-winner": [588505, 328, 867129, 806768], "gen5-norm-winner": [0.00331592, 0.542751, 0, 0.0559207], "gen5-winner-raw-d-score": 1.95219e+06, "gen5-winner-norm-d-score": 0.899304, "gen5-time": 9066}, {"source": 130444, "target": 3030, "gen0-front": [[612723, 346, 924106, 846223], [2.40185e+06, 195, 4.80641e+06, 2.06735e+06], [616224, 352, 924003, 856041], [765259, 402, 1.38176e+06, 827797], [612723, 346, 924106, 846223]], "gen0-norm-front": [[0, 0.729469, 2.65299e-05, 0.014865], [1, 0, 1, 1], [0.00195669, 0.758454, 0, 0.0227856], [0.0852574, 1, 0.117905, 0], [0, 0.729469, 2.65299e-05, 0.014865]], "gen0-raw-d-score": [2.77748e+06, 5.79001e+06, 1.59748e+06, 1.88562e+06, 1.39481e+06], "gen0-norm-d-score": [1.23788, 1.73205, 0.763573, 1.01053, 0.72962], "gen0-sparsity": 4.02652e+12, "gen0-raw-winner": [612723, 346, 924106, 846223], "gen0-norm-winner": [0, 0.729469, 2.65299e-05, 0.014865], "gen0-winner-naw-d-score": 1.39481e+06, "gen0-winner-norm-d-score": 0.72962, "gen0-time": 17048, "gen1-front": [[612723, 346, 924106, 846223], [616224, 352, 924003, 856041], [612723, 346, 924106, 846223], [765259, 402, 1.38176e+06, 827797], [2.40185e+06, 195, 4.80641e+06, 2.06735e+06], [612723, 346, 924106, 846223], [2.40185e+06, 195, 4.80641e+06, 2.06735e+06], [612723, 346, 924106, 846223]], "gen1-norm-front": [[0, 0.729469, 2.65299e-05, 0.014865], [0.00195669, 0.758454, 0, 0.0227856], [0, 0.729469, 2.65299e-05, 0.014865], [0.0852574, 1, 0.117905, 0], [1, 0, 1, 1], [0, 0.729469, 2.65299e-05, 0.014865], [1, 0, 1, 1], [0, 0.729469, 2.65299e-05, 0.014865]], "gen1-raw-d-score": [1.97783e+06, 1.97783e+06, 2.26398e+06, 6.02699e+06, 5.92368e+06, 5.92368e+06, 5.92368e+06, 1.39481e+06], "gen1-norm-d-score": [1.05267, 1.05267, 1.2464, 2.00529, 1.87945, 1.87945, 1.87945, 0.72962], "gen1-sparsity": 2.30087e+12, "gen1-raw-winner": [612723, 346, 924106, 846223], "gen1-norm-winner": [0, 0.729469, 2.65299e-05, 0.014865], "gen1-winner-raw-d-score": 1.39481e+06, "gen1-winner-norm-d-score": 0.72962, "gen1-time": 15747, "gen2-front": [[612723, 346, 924106, 846223], [616224, 352, 924003, 856041], [612723, 346, 924106, 846223], [765259, 402, 1.38176e+06, 827797], [2.40185e+06, 195, 4.80641e+06, 2.06735e+06], [612723, 346, 924106, 846223], [2.40185e+06, 195, 4.80641e+06, 2.06735e+06], [612723, 346, 924106, 846223]], "gen2-norm-front": [[0, 0.729469, 2.65299e-05, 0.014865], [0.00195669, 0.758454, 0, 0.0227856], [0, 0.729469, 2.65299e-05, 0.014865], [0.0852574, 1, 0.117905, 0], [1, 0, 1, 1], [0, 0.729469, 2.65299e-05, 0.014865], [1, 0, 1, 1], [0, 0.729469, 2.65299e-05, 0.014865]], "gen2-raw-d-score": [1.97783e+06, 1.97783e+06, 2.26398e+06, 6.02699e+06, 5.92368e+06, 5.92368e+06, 5.92368e+06, 1.39481e+06], "gen2-norm-d-score": [1.05267, 1.05267, 1.2464, 2.00529, 1.87945, 1.87945, 1.87945, 0.72962], "gen2-sparsity": 2.30087e+12, "gen2-raw-winner": [612723, 346, 924106, 846223], "gen2-norm-winner": [0, 0.729469, 2.65299e-05, 0.014865], "gen2-winner-raw-d-score": 1.39481e+06, "gen2-winner-norm-d-score": 0.72962, "gen2-time": 15832, "gen3-front": [[612723, 346, 924106, 846223], [616224, 352, 924003, 856041], [612723, 346, 924106, 846223], [765259, 402, 1.38176e+06, 827797], [2.40185e+06, 195, 4.80641e+06, 2.06735e+06], [612723, 346, 924106, 846223], [2.40185e+06, 195, 4.80641e+06, 2.06735e+06], [612723, 346, 924106, 846223]], "gen3-norm-front": [[0, 0.729469, 2.65299e-05, 0.014865], [0.00195669, 0.758454, 0, 0.0227856], [0, 0.729469, 2.65299e-05, 0.014865], [0.0852574, 1, 0.117905, 0], [1, 0, 1, 1], [0, 0.729469, 2.65299e-05, 0.014865], [1, 0, 1, 1], [0, 0.729469, 2.65299e-05, 0.014865]], "gen3-raw-d-score": [1.97783e+06, 1.97783e+06, 2.26398e+06, 6.02699e+06, 5.92368e+06, 5.92368e+06, 5.92368e+06, 1.39481e+06], "gen3-norm-d-score": [1.05267, 1.05267, 1.2464, 2.00529, 1.87945, 1.87945, 1.87945, 0.72962], "gen3-