{"data": [{"source": 192501, "target": 10962, "gen0-front": [[2.91626e+06, 462, 4.70379e+06, 3.65744e+06], [1.21569e+07, 149, 2.42228e+07, 1.0628e+07], [2.92328e+06, 461, 4.70082e+06, 3.67295e+06], [3.18197e+06, 459, 5.88663e+06, 3.19941e+06]], "gen0-norm-front": [[0, 1, 0.00015229, 0.0616572], [1, 0, 1, 1], [0.000759818, 0.996805, 0, 0.0637461], [0.0287542, 0.990415, 0.0607422, 0]], "gen0-raw-d-score": [6.63378e+06, 2.91117e+07, 6.64333e+06, 7.41711e+06], "gen0-norm-d-score": [1.0019, 1.73205, 0.998842, 0.992693], "gen0-sparsity": 1.55605e+14, "gen0-raw-winner": [1.21569e+07, 149, 2.42228e+07, 1.0628e+07], "gen0-norm-winner": [1, 0, 1, 1], "gen0-winner-naw-d-score": 2.91117e+07, "gen0-winner-norm-d-score": 1.73205, "gen0-time": 6743, "gen1-front": [[1.21569e+07, 149, 2.42228e+07, 1.0628e+07], [3.18197e+06, 459, 5.88663e+06, 3.19941e+06], [2.92328e+06, 461, 4.70082e+06, 3.67295e+06], [2.91626e+06, 462, 4.70379e+06, 3.65744e+06], [1.21569e+07, 149, 2.42228e+07, 1.0628e+07], [2.91626e+06, 462, 4.70379e+06, 3.65744e+06]], "gen1-norm-front": [[1, 0, 1, 1], [0.0287542, 0.990415, 0.0607422, 0], [0.000759818, 0.996805, 0, 0.0637461], [0, 1, 0.00015229, 0.0616572], [1, 0, 1, 1], [0, 1, 0.00015229, 0.0616572]], "gen1-raw-d-score": [2.92851e+07, 7.9724e+06, 7.25523e+06, 1.38491e+07, 2.92574e+07, 6.63378e+06], "gen1-norm-d-score": [1.99543, 1.40679, 1.41339, 1.41556, 2, 1.0019], "gen1-sparsity": 9.33628e+13, "gen1-raw-winner": [1.21569e+07, 149, 2.42228e+07, 1.0628e+07], "gen1-norm-winner": [1, 0, 1, 1], "gen1-winner-raw-d-score": 2.92851e+07, "gen1-winner-norm-d-score": 1.99543, "gen1-time": 5616, "gen2-front": [[1.21569e+07, 149, 2.42228e+07, 1.0628e+07], [2.91626e+06, 462, 4.70379e+06, 3.65744e+06], [3.18197e+06, 459, 5.88663e+06, 3.19941e+06], [2.92328e+06, 461, 4.70082e+06, 3.67295e+06], [1.21569e+07, 149, 2.42228e+07, 1.0628e+07], [2.91626e+06, 462, 4.70379e+06, 3.65744e+06]], "gen2-norm-front": [[1, 0, 1, 1], [0, 1, 0.00015229, 0.0616572], [0.0287542, 0.990415, 0.0607422, 0], [0.000759818, 0.996805, 0, 0.0637461], [1, 0, 1, 1], [0, 1, 0.00015229, 0.0616572]], "gen2-raw-d-score": [2.92574e+07, 7.35744e+06, 7.9724e+06, 1.38536e+07, 2.92574e+07, 6.63378e+06], "gen2-norm-d-score": [2, 1.4091, 1.40679, 1.41339, 2, 1.0019], "gen2-sparsity": 9.33628e+13, "gen2-raw-winner": [1.21569e+07, 149, 2.42228e+07, 1.0628e+07], "gen2-norm-winner": [1, 0, 1, 1], "gen2-winner-raw-d-score": 2.92574e+07, "gen2-winner-norm-d-score": 2, "gen2-time": 7826, "gen3-front": [[1.21569e+07, 149, 2.42228e+07, 1.0628e+07], [2.91626e+06, 462, 4.70379e+06, 3.65744e+06], [3.18197e+06, 459, 5.88663e+06, 3.19941e+06], [2.92328e+06, 461, 4.70082e+06, 3.67295e+06], [1.21569e+07, 149, 2.42228e+07, 1.0628e+07], [2.91626e+06, 462, 4.70379e+06, 3.65744e+06]], "gen3-norm-front": [[1, 0, 1, 1], [0, 1, 0.00015229, 0.0616572], [0.0287542, 0.990415, 0.0607422, 0], [0.000759818, 0.996805, 0, 0.0637461], [1, 0, 1, 1], [0, 1, 0.00015229, 0.0616572]], "gen3-raw-d-score": [2.92574e+07, 7.35744e+06, 7.9724e+06, 1.38536e+07, 2.92574e+07, 6.63378e+06], "gen3-norm-d-score": [2, 1.4091, 1.40679, 1.41339, 2, 1.0019], "gen3-sparsity": 9.33628e+13, "gen3-raw-winner": [1.21569e+07, 149, 2.42228e+07, 1.0628e+07], "gen3-norm-winner": [1, 0, 1, 1], "gen3-winner-raw-d-score": 2.92574e+07, "gen3-winner-norm-d-score": 2, "gen3-time": 7934, "gen4-front": [[1.21569e+07, 149, 2.42228e+07, 1.0628e+07], [2.91626e+06, 462, 4.70379e+06, 3.65744e+06], [3.18197e+06, 459, 5.88663e+06, 3.19941e+06], [2.92328e+06, 461, 4.70082e+06, 3.67295e+06], [1.21569e+07, 149, 2.42228e+07, 1.0628e+07], [2.91626e+06, 462, 4.70379e+06, 3.65744e+06]], "gen4-norm-front": [[1, 0, 1, 1], [0, 1, 0.00015229, 0.0616572], [0.0287542, 0.990415, 0.0607422, 0], [0.000759818, 0.996805, 0, 0.0637461], [1, 0, 1, 1], [0, 1, 0.00015229, 0.0616572]], "gen4-raw-d-score": [2.92574e+07, 7.35744e+06, 7.9724e+06, 1.38536e+07, 2.92574e+07, 6.63378e+06], "gen4-norm-d-score": [2, 1.4091, 1.40679, 1.41339, 2, 1.0019], "gen4-sparsity": 9.33628e+13, "gen4-raw-winner": [1.21569e+07, 149, 2.42228e+07, 1.0628e+07], "gen4-norm-winner": [1, 0, 1, 1], "gen4-winner-raw-d-score": 2.92574e+07, "gen4-winner-norm-d-score": 2, "gen4-time": 7770, "gen5-front": [[1.21569e+07, 149, 2.42228e+07, 1.0628e+07], [2.91626e+06, 462, 4.70379e+06, 3.65744e+06], [3.18197e+06, 459, 5.88663e+06, 3.19941e+06], [2.92328e+06, 461, 4.70082e+06, 3.67295e+06], [1.21569e+07, 149, 2.42228e+07, 1.0628e+07], [2.91626e+06, 462, 4.70379e+06, 3.65744e+06]], "gen5-norm-front": [[1, 0, 1, 1], [0, 1, 0.00015229, 0.0616572], [0.0287542, 0.990415, 0.0607422, 0], [0.000759818, 0.996805, 0, 0.0637461], [1, 0, 1, 1], [0, 1, 0.00015229, 0.0616572]], "gen5-raw-d-score": [2.92574e+07, 7.35744e+06, 7.9724e+06, 1.38536e+07, 2.92574e+07, 6.63378e+06], "gen5-norm-d-score": [2, 1.4091, 1.40679, 1.41339, 2, 1.0019], "gen5-sparsity": 9.33628e+13, "gen5-raw-winner": [1.21569e+07, 149, 2.42228e+07, 1.0628e+07], "gen5-norm-winner": [1, 0, 1, 1], "gen5-winner-raw-d-score": 2.92574e+07, "gen5-winner-norm-d-score": 2, "gen5-time": 7883}, {"source": 69464, "target": 58822, "gen0-front": [[2.1026e+06, 182, 3.36748e+06, 2.63904e+06], [9.00665e+06, 0, 1.79052e+07, 7.94169e+06], [2.10435e+06, 186, 3.35909e+06, 2.65214e+06], [2.16825e+06, 160, 3.59762e+06, 2.5907e+06]], "gen0-norm-front": [[0, 0.978495, 0.000577128, 0.00903552], [1, 0, 1, 1], [0.000253267, 1, 0, 0.0114831], [0.00950842, 0.860215, 0.0163986, 0]], "gen0-raw-d-score": [4.76712e+06, 2.15589e+07, 4.76924e+06, 4.93517e+06], "gen0-norm-d-score": [0.978537, 1.73205, 1.00007, 0.860424], "gen0-sparsity": 9.31703e+13, "gen0-raw-winner": [9.00665e+06, 0, 1.79052e+07, 7.94169e+06], "gen0-norm-winner": [1, 0, 1, 1], "gen0-winner-naw-d-score": 2.15589e+07, "gen0-winner-norm-d-score": 1.73205, "gen0-time": 6099, "gen1-front": [[9.00665e+06, 0, 1.79052e+07, 7.94169e+06], [2.10435e+06, 186, 3.35909e+06, 2.65214e+06], [2.16825e+06, 160, 3.59762e+06, 2.5907e+06], [2.1026e+06, 182, 3.36748e+06, 2.63904e+06], [9.00665e+06, 0, 1.79052e+07, 7.94169e+06], [2.1026e+06, 182, 3.36748e+06, 2.63904e+06]], "gen1-norm-front": [[1, 0, 1, 1], [0.000253267, 1, 0, 0.0114831], [0.00950842, 0.860215, 0.0163986, 0], [0, 0.978495, 0.000577128, 0.00903552], [1, 0, 1, 1], [0, 0.978495, 0.000577128, 0.00903552]], "gen1-raw-d-score": [2.16614e+07, 5.23898e+06, 5.3644e+06, 1.01904e+07, 2.16612e+07, 4.76712e+06], "gen1-norm-d-score": [2, 1.31916, 1.30299, 1.39912, 1.98933, 0.978537], "gen1-sparsity": 5.59022e+13, "gen1-raw-winner": [9.00665e+06, 0, 1.79052e+07, 7.94169e+06], "gen1-norm-winner": [1, 0, 1, 1], "gen1-winner-raw-d-score": 2.16612e+07, "gen1-winner-norm-d-score": 1.98933, "gen1-time": 5042, "gen2-front": [[9.00665e+06, 0, 1.79052e+07, 7.94169e+06], [2.10435e+06, 186, 3.35909e+06, 2.65214e+06], [2.1026e+06, 182, 3.36748e+06, 2.63904e+06], [2.16825e+06, 160, 3.59762e+06, 2.5907e+06], [9.00665e+06, 0, 1.79052e+07, 7.94169e+06], [2.1026e+06, 182, 3.36748e+06, 2.63904e+06]], "gen2-norm-front": [[1, 0, 1, 1], [0.000253267, 1, 0, 0.0114831], [0, 0.978495, 0.000577128, 0.00903552], [0.00950842, 0.860215, 0.0163986, 0], [1, 0, 1, 1], [0, 0.978495, 0.000577128, 0.00903552]], "gen2-raw-d-score": [2.16614e+07, 5.21215e+06, 5.23705e+06, 1.02701e+07, 2.16612e+07, 4.76712e+06], "gen2-norm-d-score": [2, 1.39914, 1.30292, 1.31922, 1.98933, 0.978537], "gen2-sparsity": 5.59022e+13, "gen2-raw-winner": [9.00665e+06, 0, 1.79052e+07, 7.94169e+06], "gen2-norm-winner": [1, 0, 1, 1], "gen2-winner-raw-d-score": 2.16612e+07, "gen2-winner-norm-d-score": 1.98933, "gen2-time": 6910, "gen3-front": [[9.00665e+06, 0, 1.79052e+07, 7.94169e+06], [2.10435e+06, 186, 3.35909e+06, 2.65214e+06], [2.1026e+06, 182, 3.36748e+06, 2.63904e+06], [2.16825e+06, 160, 3.59762e+06, 2.5907e+06], [9.00665e+06, 0, 1.79052e+07, 7.94169e+06], [2.1026e+06, 182, 3.36748e+06, 2.63904e+06]], "gen3-norm-front": [[1, 0, 1, 1], [0.000253267, 1, 0, 0.0114831], [0, 0.978495, 0.000577128, 0.00903552], [0.00950842, 0.860215, 0.0163986, 0], [1, 0, 1, 1], [0, 0.978495, 0.000577128, 0.00903552]], "gen3-raw-d-score": [2.16614e+07, 5.21215e+06, 5.23705e+06, 1.02701e+07, 2.16612e+07, 4.76712e+06], "gen3-norm-d-score": [2, 1.39914, 1.30292, 1.31922, 1.98933, 0.978537], "gen3-sparsity": 5.59022e+13, "gen3-raw-winner": [9.00665e+06, 0, 1.79052e+07, 7.94169e+06], "gen3-norm-winner": [1, 0, 1, 1], "gen3-winner-raw-d-score": 2.16612e+07, "gen3-winner-norm-d-score": 1.98933, "gen3-time": 6925, "gen4-front": [[9.00665e+06, 0, 1.79052e+07, 7.94169e+06], [2.10435e+06, 186, 3.35909e+06, 2.65214e+06], [2.1026e+06, 182, 3.36748e+06, 2.63904e+06], [2.16825e+06, 160, 3.59762e+06, 2.5907e+06], [9.00665e+06, 0, 1.79052e+07, 7.94169e+06], [2.1026e+06, 182, 3.36748e+06, 2.63904e+06]], "gen4-norm-front": [[1, 0, 1, 1], [0.000253267, 1, 0, 0.0114831], [0, 0.978495, 0.000577128, 0.00903552], [0.00950842, 0.860215, 0.0163986, 0], [1, 0, 1, 1], [0, 0.978495, 0.000577128, 0.00903552]], "gen4-raw-d-score": [2.16614e+07, 5.21215e+06, 5.23705e+06, 1.02701e+07, 2.16612e+07, 4.76712e+06], "gen4-norm-d-score": [2, 1.39914, 1.30292, 1.31922, 1.98933, 0.978537], "gen4-sparsity": 5.59022e+13, "gen4-raw-winner": [9.00665e+06, 0, 1.79052e+07, 7.94169e+06], "gen4-norm-winner": [1, 0, 1, 1], "gen4-winner-raw-d-score": 2.16612e+07, "gen4-winner-norm-d-score": 1.98933, "gen4-time": 6922, "gen5-front": [[9.00665e+06, 0, 1.79052e+07, 7.94169e+06], [2.10435e+06, 186, 3.35909e+06, 2.65214e+06], [2.1026e+06, 182, 3.36748e+06, 2.63904e+06], [2.16825e+06, 160, 3.59762e+06, 2.5907e+06], [9.00665e+06, 0, 1.79052e+07, 7.94169e+06], [2.1026e+06, 182, 3.36748e+06, 2.63904e+06]], "gen5-norm-front": [[1, 0, 1, 1], [0.000253267, 1, 0, 0.0114831], [0, 0.978495, 0.000577128, 0.00903552], [0.00950842, 0.860215, 0.0163986, 0], [1, 0, 1, 1], [0, 0.978495, 0.000577128, 0.00903552]], "gen5-raw-d-score": [2.16614e+07, 5.21215e+06, 5.23705e+06, 1.02701e+07, 2.16612e+07, 4.76712e+06], "gen5-norm-d-score": [2, 1.39914, 1.30292, 1.31922, 1.98933, 0.978537], "gen5-sparsity": 5.59022e+13, "gen5-raw-winner": [9.00665e+06, 0, 1.79052e+07, 7.94169e+06], "gen5-norm-winner": [1, 0, 1, 1], "gen5-winner-raw-d-score": 2.16612e+07, "gen5-winner-norm-d-score": 1.98933, "gen5-time": 6945}, {"source": 192156, "target": 177003, "gen0-front": [[977290, 214, 1.87336e+06, 944940], [1.0166e+06, 200, 1.95748e+06, 953973], [980768, 209, 1.87132e+06, 944123], [1.00116e+06, 206, 1.92267e+06, 942335]], "gen0-norm-front": [[0, 1, 0.0237111, 0.223836], [1, 0, 1, 1], [0.0884648, 0.642857, 0, 0.153635], [0.607228, 0.428571, 0.59597, 0]], "gen0-raw-d-score": [2.31462e+06, 2.40318e+06, 2.31411e+06, 2.36368e+06], "gen0-norm-d-score": [1.02502, 1.73205, 0.666855, 0.95267], "gen0-sparsity": 1.4664e+09, "gen0-raw-winner": [1.0166e+06, 200, 1.95748e+06, 953973], "gen0-norm-winner": [1, 0, 1, 1], "gen0-winner-naw-d-score": 2.40318e+06, "gen0-winner-norm-d-score": 1.73205, "gen0-time": 1410, "gen1-front": [[1.0166e+06, 200, 1.95748e+06, 953973], [977290, 214, 1.87336e+06, 944940], [1.00116e+06, 206, 1.92267e+06, 942335], [980768, 209, 1.87132e+06, 944123], [1.0166e+06, 200, 1.95748e+06, 953973], [977675, 209, 1.87175e+06, 944295], [978599, 209, 1.8726e+06, 943329], [978095, 209, 1.87143e+06, 944166]], "gen1-norm-front": [[1, 0, 1, 1], [0, 1, 0.0237111, 0.223836], [0.607228, 0.428571, 0.59597, 0], [0.0884648, 0.642857, 0, 0.153635], [1, 0, 1, 1], [0.00979657, 0.642857, 0.0049906, 0.168414], [0.0332858, 0.642857, 0.0148441, 0.0854099], [0.020488, 0.642857, 0.00125345, 0.157329]], "gen1-raw-d-score": [2.40318e+06, 2.31462e+06, 3.37079e+06, 2.31411e+06, 2.40318e+06, 2.31322e+06, 2.3139e+06, 2.31308e+06], "gen1-norm-d-score": [1.73205, 1.02502, 0.95267, 0.666855, 1.73205, 0.664642, 0.649529, 0.662147], "gen1-sparsity": 6.2683e+08, "gen1-raw-winner": [1.0166e+06, 200, 1.95748e+06, 953973], "gen1-norm-winner": [1, 0, 1, 1], "gen1-winner-raw-d-score": 2.40318e+06, "gen1-winner-norm-d-score": 1.73205, "gen1-time": 1177, "gen2-front": [[1.0166e+06, 200, 1.95748e+06, 953973], [977290, 214, 1.87336e+06, 944940], [978599, 209, 1.8726e+06, 943329], [977675, 209, 1.87175e+06, 944295], [978095, 209, 1.87143e+06, 944166], [980768, 209, 1.87132e+06, 944123], [1.00116e+06, 206, 1.92267e+06, 942335], [1.0166e+06, 200, 1.95748e+06, 953973], [977675, 209, 1.87175e+06, 944295], [978095, 209, 1.87143e+06, 944166], [978599, 209, 1.8726e+06, 943329]], "gen2-norm-front": [[1, 0, 1, 1], [0, 1, 0.0237111, 0.223836], [0.0332858, 0.642857, 0.0148441, 0.0854099], [0.00979657, 0.642857, 0.0049906, 0.168414], [0.020488, 0.642857, 0.00125345, 0.157329], [0.0884648, 0.642857, 0, 0.153635], [0.607228, 0.428571, 0.59597, 0], [1, 0, 1, 1], [0.00979657, 0.642857, 0.0049906, 0.168414], [0.020488, 0.642857, 0.00125345, 0.157329], [0.0332858, 0.642857, 0.0148441, 0.0854099]], "gen2-raw-d-score": [2.40318e+06, 3.13317e+06, 2.3139e+06, 2.31322e+06, 3.27119e+06, 2.31411e+06, 2.36368e+06, 2.40318e+06, 2.31322e+06, 2.31308e+06, 2.3139e+06], "gen2-norm-d-score": [1.73205, 1.02502, 0.649529, 2.40318e+06, 0.662147, 0.666855, 1.14933, 1.73205, 2.16771e+06, 0.662147, 0.649529], "gen2-sparsity": 4.38781e+08, "gen2-raw-winner": [1.0166e+06, 200, 1.95748e+06, 953973], "gen2-norm-winner": [1, 0, 1, 1], "gen2-winner-raw-d-score": 2.40318e+06, "gen2-winner-norm-d-score": 1.73205, "gen2-time": 2360, "gen3-front": [[1.0166e+06, 200, 1.95748e+06, 953973], [977290, 214, 1.87336e+06, 944940], [978599, 209, 1.8726e+06, 943329], [977675, 209, 1.87175e+06, 944295], [978095, 209, 1.87143e+06, 944166], [980768, 209, 1.87132e+06, 944123], [1.00116e+06, 206, 1.92267e+06, 942335], [1.0166e+06, 200, 1.95748e+06, 953973], [977675, 209, 1.87175e+06, 944295], [978095, 209, 1.87143e+06, 944166], [978599, 209, 1.8726e+06, 943329]], "gen3-norm-front": [[1, 0, 1, 1], [0, 1, 0.0237111, 0.223836], [0.0332858, 0.642857, 0.0148441, 0.0854099], [0.00979657, 0.642857, 0.0049906, 0.168414], [0.020488, 0.642857, 0.00125345, 0.157329], [0.0884648, 0.642857, 0, 0.153635], [0.607228, 0.428571, 0.59597, 0], [1, 0, 1, 1], [0.00979657, 0.642857, 0.0049906, 0.168414], [0.020488, 0.642857, 0.00125345, 0.157329], [0.0332858, 0.642857, 0.0148441, 0.0854099]], "gen3-raw-d-score": [2.40318e+06, 3.13317e+06, 2.3139e+06, 2.31322e+06, 3.27119e+06, 2.31411e+06, 2.36368e+06, 2.40318e+06, 2.31322e+06, 2.31308e+06, 2.3139e+06], "gen3-norm-d-score": [1.73205, 1.02502, 0.649529, 2.40318e+06, 0.662147, 0.666855, 1.14933, 1.73205, 2.16771e+06, 0.662147, 0.649529], "gen3-sparsity": 4.38781e+08, "gen3-raw-winner": [1.0166e+06, 200, 1.95748e+06, 953973], "gen3-norm-winner": [1, 0, 1, 1], "gen3-winner-raw-d-score": 2.40318e+06, "gen3-winner-norm-d-score": 1.73205, "gen3-time": 2476, "gen4-front": [[1.0166e+06, 200, 1.95748e+06, 953973], [977290, 214, 1.87336e+06, 944940], [978599, 209, 1.8726e+06, 943329], [977675, 209, 1.87175e+06, 944295], [978095, 209, 1.87143e+06, 944166], [980768, 209, 1.87132e+06, 944123], [1.00116e+06, 206, 1.92267e+06, 942335], [1.0166e+06, 200, 1.95748e+06, 953973], [977675, 209, 1.87175e+06, 944295], [978095, 209, 1.87143e+06, 944166], [978599, 209, 1.8726e+06, 943329]], "gen4-norm-front": [[1, 0, 1, 1], [0, 1, 0.0237111, 0.223836], [0.0332858, 0.642857, 0.0148441, 0.0854099], [0.00979657, 0.642857, 0.0049906, 0.168414], [0.020488, 0.642857, 0.00125345, 0.157329], [0.0884648, 0.642857, 0, 0.153635], [0.607228, 0.428571, 0.59597, 0], [1, 0, 1, 1], [0.00979657, 0.642857, 0.0049906, 0.168414], [0.020488, 0.642857, 0.00125345, 0.157329], [0.0332858, 0.642857, 0.0148441, 0.0854099]], "gen4-raw-d-score": [2.40318e+06, 3.13397e+06, 2.3139e+06, 2.31322e+06, 2.31308e+06, 2.31411e+06, 2.36368e+06, 2.40318e+06, 2.31322e+06, 2.31308e+06, 2.3139e+06], "gen4-norm-d-score": [1.73205, 1.02502, 0.649529, 2.40318e+06, 0.662147, 0.666855, 1.14933, 1.73205, 2.16771e+06, 0.662147, 0.649529], "gen4-sparsity": 4.38781e+08, "gen4-raw-winner": [1.0166e+06, 200, 1.95748e+06, 953973], "gen4-norm-winner": [1, 0, 1, 1], "gen4-winner-raw-d-score": 2.40318e+06, "gen4-winner-norm-d-score": 1.73205, "gen4-time": 2465, "gen5-front": [[1.0166e+06, 200, 1.95748e+06, 953973], [977290, 214, 1.87336e+06, 944940], [978599, 209, 1.8726e+06, 943329], [977675, 209, 1.87175e+06, 944295], [978095, 209, 1.87143e+06, 944166], [980768, 209, 1.87132e+06, 944123], [1.00116e+06, 206, 1.92267e+06, 942335], [1.0166e+06, 200, 1.95748e+06, 953973], [977675, 209, 1.87175e+06, 944295], [978095, 209, 1.87143e+06, 944166], [978599, 209, 1.8726e+06, 943329]], "gen5-norm-front": [[1, 0, 1, 1], [0, 1, 0.0237111, 0.223836], [0.0332858, 0.642857, 0.0148441, 0.0854099], [0.00979657, 0.642857, 0.0049906, 0.168414], [0.020488, 0.642857, 0.00125345, 0.157329], [0.0884648, 0.642857, 0, 0.153635], [0.607228, 0.428571, 0.59597, 0], [1, 0, 1, 1], [0.00979657, 0.642857, 0.0049906, 0.168414], [0.020488, 0.642857, 0.00125345, 0.157329], [0.0332858, 0.642857, 0.0148441, 0.0854099]], "gen5-raw-d-score": [2.40318e+06, 3.13317e+06, 2.3139e+06, 2.31322e+06, 3.27119e+06, 2.31411e+06, 2.36368e+06, 2.40318e+06, 2.31322e+06, 2.31308e+06, 2.3139e+06], "gen5-norm-d-score": [1.73205, 1.02502, 0.649529, 2.40318e+06, 0.662147, 0.666855, 1.14933, 1.73205, 2.16771e+06, 0.662147, 0.649529], "gen5-sparsity": 4.38781e+08, "gen5-raw-winner": [1.0166e+06, 200, 1.95748e+06, 953973], "gen5-norm-winner": [1, 0, 1, 1], "gen5-winner-raw-d-score": 2.40318e+06, "gen5-winner-norm-d-score": 1.73205, "gen5-time": 2489}, {"source": 209893, "target": 416036, "gen0-front": [[540578, 140, 863710, 707457], [2.37737e+06, 26, 4.69583e+06, 2.10162e+06], [548458, 148, 853621, 736029], [707200, 157, 1.33008e+06, 699450]], "gen0-norm-front": [[0, 0.870229, 0.00262583, 0.00571041], [1, 0, 1, 1], [0.00428974, 0.931298, 0, 0.0260873], [0.0907133, 1, 0.124006, 0]], "gen0-raw-d-score": [1.24045e+06, 5.66741e+06, 1.25348e+06, 1.66086e+06], "gen0-norm-d-score": [0.870252, 1.73205, 0.931673, 1.01173], "gen0-sparsity": 5.40878e+12, "gen0-raw-winner": [2.37737e+06, 26, 4.69583e+06, 2.10162e+06], "gen0-norm-winner": [1, 0, 1, 1], "gen0-winner-naw-d-score": 5.66741e+06, "gen0-winner-norm-d-score": 1.73205, "gen0-time": 2448, "gen1-front": [[2.37737e+06, 26, 4.69583e+06, 2.10162e+06], [707200, 157, 1.33008e+06, 699450], [548458, 148, 853621, 736029], [540578, 140, 863710, 707457], [2.37737e+06, 26, 4.69583e+06, 2.10162e+06], [540603, 140, 863636, 707426]], "gen1-norm-front": [[1, 0, 1, 1], [0.0907133, 1, 0.124006, 0], [0.00428974, 0.931298, 0, 0.0260873], [0, 0.870229, 0.00262583, 0.00571041], [1, 0, 1, 1], [1.33875e-05, 0.870229, 0.00260657, 0.00568831]], "gen1-raw-d-score": [5.71136e+06, 1.74908e+06, 1.36508e+06, 2.68153e+06, 5.69313e+06, 1.24039e+06], "gen1-norm-d-score": [2.00206, 1.37511, 1.27488, 1.32565, 1.93838, 0.870252], "gen1-sparsity": 3.24527e+12, "gen1-raw-winner": [2.37737e+06, 26, 4.69583e+06, 2.10162e+06], "gen1-norm-winner": [1, 0, 1, 1], "gen1-winner-raw-d-score": 5.69313e+06, "gen1-winner-norm-d-score": 1.93838, "gen1-time": 2034, "gen2-front": [[2.37737e+06, 26, 4.69583e+06, 2.10162e+06], [707200, 157, 1.33008e+06, 699450], [548458, 148, 853621, 736029], [540578, 140, 863710, 707457], [540603, 140, 863636, 707426], [2.37737e+06, 26, 4.69583e+06, 2.10162e+06], [540603, 140, 863636, 707426]], "gen2-norm-front": [[1, 0, 1, 1], [0.0907133, 1, 0.124006, 0], [0.00428974, 0.931298, 0, 0.0260873], [0, 0.870229, 0.00262583, 0.00571041], [1.33875e-05, 0.870229, 0.00260657, 0.00568831], [1, 0, 1, 1], [1.33875e-05, 0.870229, 0.00260657, 0.00568831]], "gen2-raw-d-score": [5.86419e+06, 1.94626e+06, 1.61537e+06, 1.60525e+06, 5.40752e+06, 5.75827e+06, 1.24039e+06], "gen2-norm-d-score": [2.00589, 1.37511, 1.27488, 1.23071, 1.66052, 1.93838, 0.870252], "gen2-sparsity": 2.70439e+12, "gen2-raw-winner": [2.37737e+06, 26, 4.69583e+06, 2.10162e+06], "gen2-norm-winner": [1, 0, 1, 1], "gen2-winner-raw-d-score": 5.75827e+06, "gen2-winner-norm-d-score": 1.93838, "gen2-time": 2842, "gen3-front": [[2.37737e+06, 26, 4.69583e+06, 2.10162e+06], [707200, 157, 1.33008e+06, 699450], [548458, 148, 853621, 736029], [540603, 140, 863636, 707426], [540578, 140, 863710, 707457], [540603, 140, 863636, 707426], [2.37737e+06, 26, 4.69583e+06, 2.10162e+06], [540603, 140, 863636, 707426]], "gen3-norm-front": [[1, 0, 1, 1], [0.0907133, 1, 0.124006, 0], [0.00428974, 0.931298, 0, 0.0260873], [1.33875e-05, 0.870229, 0.00260657, 0.00568831], [0, 0.870229, 0.00262583, 0.00571041], [1.33875e-05, 0.870229, 0.00260657, 0.00568831], [1, 0, 1, 1], [1.33875e-05, 0.870229, 0.00260657, 0.00568831]], "gen3-raw-d-score": [5.90576e+06, 2.08079e+06, 1.76346e+06, 1.75422e+06, 1.75422e+06, 5.80156e+06, 5.80156e+06, 1.24039e+06], "gen3-norm-d-score": [2.00589, 1.37536, 1.27489, 1.23072, 1.23072, 1.93839, 1.93839, 0.870252], "gen3-sparsity": 2.31805e+12, "gen3-raw-winner": [2.37737e+06, 26, 4.69583e+06, 2.10162e+06], "gen3-norm-winner": [1, 0, 1, 1], "gen3-winner-raw-d-score": 5.80156e+06, "gen3-winner-norm-d-score": 1.93839, "gen3-time": 3503, "gen4-front": [[2.37737e+06, 26, 4.69583e+06, 2.10162e+06], [707200, 157, 1.33008e+06, 699450], [548458, 148, 853621, 736029], [540603, 140, 863636, 707426], [540578, 140, 863710, 707457], [2.37737e+06, 26, 4.69583e+06, 2.10162e+06], [540603, 140, 863636, 707426]], "gen4-norm-front": [[1, 0, 1, 1], [0.0907133, 1, 0.124006, 0], [0.00428974, 0.931298, 0, 0.0260873], [1.33875e-05, 0.870229, 0.00260657, 0.00568831], [0, 0.870229, 0.00262583, 0.00571041], [1, 0, 1, 1], [1.33875e-05, 0.870229, 0.00260657, 0.00568831]], "gen4-raw-d-score": [5.86419e+06, 1.94626e+06, 1.61534e+06, 1.60524e+06, 5.40753e+06, 5.75827e+06, 1.24039e+06], "gen4-norm-d-score": [2.00589, 1.37511, 1.27488, 1.23071, 1.66052, 1.93838, 0.870252], "gen4-sparsity": 2.70439e+12, "gen4-raw-winner": [2.37737e+06, 26, 4.69583e+06, 2.10162e+06], "gen4-norm-winner": [1, 0, 1, 1], "gen4-winner-raw-d-score": 5.75827e+06, "gen4-winner-norm-d-score": 1.93838, "gen4-time": 4077, "gen5-front": [[2.37737e+06, 26, 4.69583e+06, 2.10162e+06], [707200, 157, 1.33008e+06, 699450], [548458, 148, 853621, 736029], [540603, 140, 863636, 707426], [540578, 140, 863710, 707457], [2.37737e+06, 26, 4.69583e+06, 2.10162e+06], [540603, 140, 863636, 707426]], "gen5-norm-front": [[1, 0, 1, 1], [0.0907133, 1, 0.124006, 0], [0.00428974, 0.931298, 0, 0.0260873], [1.33875e-05, 0.870229, 0.00260657, 0.00568831], [0, 0.870229, 0.00262583, 0.00571041], [1, 0, 1, 1], [1.33875e-05, 0.870229, 0.00260657, 0.00568831]], "gen5-raw-d-score": [5.86419e+06, 1.94626e+06, 1.61534e+06, 1.60524e+06, 5.40753e+06, 5.75827e+06, 1.24039e+06], "gen5-norm-d-score": [2.00589, 1.37511, 1.27488, 1.23071, 1.66052, 1.93838, 0.870252], "gen5-sparsity": 2.70439e+12, "gen5-raw-winner": [2.37737e+06, 26, 4.69583e+06, 2.10162e+06], "gen5-norm-winner": [1, 0, 1, 1], "gen5-winner-raw-d-score": 5.75827e+06, "gen5-winner-norm-d-score": 1.93838, "gen5-time": 3458}, {"source": 326767, "target": 388464, "gen0-front": [[2.38372e+06, 432, 3.96986e+06, 2.87608e+06], [3.47607e+06, 260, 6.90653e+06, 3.08479e+06], [2.38372e+06, 432, 3.96986e+06, 2.87608e+06], [2.56201e+06, 298, 4.82893e+06, 2.53265e+06]], "gen0-norm-front": [[0, 1, 0, 0.622003], [1, 0, 1, 1], [0, 1, 0, 0.622003], [0.163217, 0.22093, 0.292533, 0]], "gen0-raw-d-score": [5.45103e+06, 8.32461e+06, 5.45103e+06, 6.02468e+06], "gen0-norm-d-score": [1.17766, 1.73205, 1.17766, 0.40128], "gen0-sparsity": 2.02774e+12, "gen0-raw-winner": [3.47607e+06, 260, 6.90653e+06, 3.08479e+06], "gen0-norm-winner": [1, 0, 1, 1], "gen0-winner-naw-d-score": 8.32461e+06, "gen0-winner-norm-d-score": 1.73205, "gen0-time": 2068, "gen1-front": [[3.47607e+06, 260, 6.90653e+06, 3.08479e+06], [2.38372e+06, 432, 3.96986e+06, 2.87608e+06], [2.56201e+06, 298, 4.82893e+06, 2.53265e+06], [3.47607e+06, 260, 6.90653e+06, 3.08479e+06], [2.38372e+06, 432, 3.96986e+06, 2.87608e+06]], "gen1-norm-front": [[1, 0, 1, 1], [0, 1, 0, 0.622003], [0.163217, 0.22093, 0.292533, 0], [1, 0, 1, 1], [0, 1, 0, 0.622003]], "gen1-raw-d-score": [8.65917e+06, 6.02309e+06, 6.95556e+06, 8.65917e+06, 1.02321e+07], "gen1-norm-d-score": [1.73205, 1.18892, 1.07751, 1.73205, 1.17766], "gen1-sparsity": 1.5208e+12, "gen1-raw-winner": [3.47607e+06, 260, 6.90653e+06, 3.08479e+06], "gen1-norm-winner": [1, 0, 1, 1], "gen1-winner-raw-d-score": 8.65917e+06, "gen1-winner-norm-d-score": 1.73205, "gen1-time": 1772, "gen2-front": [[3.47607e+06, 260, 6.90653e+06, 3.08479e+06], [2.38372e+06, 432, 3.96986e+06, 2.87608e+06], [2.56201e+06, 298, 4.82893e+06, 2.53265e+06], [3.47607e+06, 260, 6.90653e+06, 3.08479e+06], [2.38372e+06, 432, 3.96986e+06, 2.87608e+06]], "gen2-norm-front": [[1, 0, 1, 1], [0, 1, 0, 0.622003], [0.163217, 0.22093, 0.292533, 0], [1, 0, 1, 1], [0, 1, 0, 0.622003]], "gen2-raw-d-score": [8.65917e+06, 6.02309e+06, 6.95556e+06, 8.65917e+06, 1.02321e+07], "gen2-norm-d-score": [1.73205, 1.18892, 1.07751, 1.73205, 1.17766], "gen2-sparsity": 1.5208e+12, "gen2-raw-winner": [3.47607e+06, 260, 6.90653e+06, 3.08479e+06], "gen2-norm-winner": [1, 0, 1, 1], "gen2-winner-raw-d-score": 8.65917e+06, "gen2-winner-norm-d-score": 1.73205, "gen2-time": 1912, "gen3-front": [[3.47607e+06, 260, 6.90653e+06, 3.08479e+06], [2.38372e+06, 432, 3.96986e+06, 2.87608e+06], [2.56201e+06, 298, 4.82893e+06, 2.53265e+06], [3.47607e+06, 260, 6.90653e+06, 3.08479e+06], [2.38372e+06, 432, 3.96986e+06, 2.87608e+06]], "gen3-norm-front": [[1, 0, 1, 1], [0, 1, 0, 0.622003], [0.163217, 0.22093, 0.292533, 0], [1, 0, 1, 1], [0, 1, 0, 0.622003]], "gen3-raw-d-score": [8.65917e+06, 6.02309e+06, 6.95556e+06, 8.65917e+06, 1.02321e+07], "gen3-norm-d-score": [1.73205, 1.18892, 1.07751, 1.73205, 1.17766], "gen3-sparsity": 1.5208e+12, "gen3-raw-winner": [3.47607e+06, 260, 6.90653e+06, 3.08479e+06], "gen3-norm-winner": [1, 0, 1, 1], "gen3-winner-raw-d-score": 8.65917e+06, "gen3-winner-norm-d-score": 1.73205, "gen3-time": 1912, "gen4-front": [[3.47607e+06, 260, 6.90653e+06, 3.08479e+06], [2.38372e+06, 432, 3.96986e+06, 2.87608e+06], [2.56201e+06, 298, 4.82893e+06, 2.53265e+06], [3.47607e+06, 260, 6.90653e+06, 3.08479e+06], [2.38372e+06, 432, 3.96986e+06, 2.87608e+06]], "gen4-norm-front": [[1, 0, 1, 1], [0, 1, 0, 0.622003], [0.163217, 0.22093, 0.292533, 0], [1, 0, 1, 1], [0, 1, 0, 0.622003]], "gen4-raw-d-score": [8.65917e+06, 6.02309e+06, 6.95556e+06, 8.65917e+06, 1.02321e+07], "gen4-norm-d-score": [1.73205, 1.18892, 1.07751, 1.73205, 1.17766], "gen4-sparsity": 1.5208e+12, "gen4-raw-winner": [3.47607e+06, 260, 6.90653e+06, 3.08479e+06], "gen4-norm-winner": [1, 0, 1, 1], "gen4-winner-raw-d-score": 8.65917e+06, "gen4-winner-norm-d-score": 1.73205, "gen4-time": 1916, "gen5-front": [[3.47607e+06, 260, 6.90653e+06, 3.08479e+06], [2.38372e+06, 432, 3.96986e+06, 2.87608e+06], [2.56201e+06, 298, 4.82893e+06, 2.53265e+06], [3.47607e+06, 260, 6.90653e+06, 3.08479e+06], [2.38372e+06, 432, 3.96986e+06, 2.87608e+06]], "gen5-norm-front": [[1, 0, 1, 1], [0, 1, 0, 0.622003], [0.163217, 0.22093, 0.292533, 0], [1, 0, 1, 1], [0, 1, 0, 0.622003]], "gen5-raw-d-score": [8.32461e+06, 5.45103e+06, 6.02468e+06, 8.32461e+06, 5.45103e+06], "gen5-norm-d-score": [1.73205, 1.17766, 0.40128, 1.73205, 1.17766], "gen5-sparsity": 1.5208e+12, "gen5-raw-winner": [3.47607e+06, 260, 6.90653e+06, 3.08479e+06], "gen5-norm-winner": [1, 0, 1, 1], "gen5-winner-raw-d-score": 8.32461e+06, "gen5-winner-norm-d-score": 1.73205, "gen5-time": 1905}, {"source": 244506, "target": 398590, "gen0-front": [[3.87585e+06, 727, 6.44158e+06, 4.68507e+06], [9.40043e+06, 448, 1.87459e+07, 8.21403e+06], [3.92136e+06, 825, 6.41897e+06, 4.81366e+06], [4.47297e+06, 1217, 8.395e+06, 4.40471e+06]], "gen0-norm-front": [[0, 0.362809, 0.00183396, 0.0735972], [1, 0, 1, 1], [0.00823631, 0.490247, 0, 0.107354], [0.108083, 1, 0.160302, 0]], "gen0-raw-d-score": [8.85811e+06, 2.25221e+07, 8.93037e+06, 1.04826e+07], "gen0-norm-d-score": [0.370203, 1.73205, 0.501931, 1.01852], "gen0-sparsity": 4.90669e+13, "gen0-raw-winner": [9.40043e+06, 448, 1.87459e+07, 8.21403e+06], "gen0-norm-winner": [1, 0, 1, 1], "gen0-winner-naw-d-score": 2.25221e+07, "gen0-winner-norm-d-score": 1.73205, "gen0-time": 4566, "gen1-front": [[9.40043e+06, 448, 1.87459e+07, 8.21403e+06], [4.47297e+06, 1217, 8.395e+06, 4.40471e+06], [3.92136e+06, 825, 6.41897e+06, 4.81366e+06], [3.87585e+06, 727, 6.44158e+06, 4.68507e+06], [9.40043e+06, 448, 1.87459e+07, 8.21403e+06], [3.87585e+06, 727, 6.44158e+06, 4.68507e+06]], "gen1-norm-front": [[1, 0, 1, 1], [0.108083, 1, 0.160302, 0], [0.00823631, 0.490247, 0, 0.107354], [0, 0.362809, 0.00183396, 0.0735972], [1, 0, 1, 1], [0, 0.362809, 0.00183396, 0.0735972]], "gen1-raw-d-score": [2.2962e+07, 1.11921e+07, 9.73518e+06, 1.29164e+07, 2.28532e+07, 8.85811e+06], "gen1-norm-d-score": [2.00292, 1.13039, 0.619326, 1.06633, 1.76964, 0.370203], "gen1-sparsity": 2.94401e+13, "gen1-raw-winner": [9.40043e+06, 448, 1.87459e+07, 8.21403e+06], "gen1-norm-winner": [1, 0, 1, 1], "gen1-winner-raw-d-score": 2.28532e+07, "gen1-winner-norm-d-score": 1.76964, "gen1-time": 3790, "gen2-front": [[9.40043e+06, 448, 1.87459e+07, 8.21403e+06], [4.47297e+06, 1217, 8.395e+06, 4.40471e+06], [3.92136e+06, 825, 6.41897e+06, 4.81366e+06], [3.87585e+06, 727, 6.44158e+06, 4.68507e+06], [9.40043e+06, 448, 1.87459e+07, 8.21403e+06], [3.87585e+06, 727, 6.44158e+06, 4.68507e+06]], "gen2-norm-front": [[1, 0, 1, 1], [0.108083, 1, 0.160302, 0], [0.00823631, 0.490247, 0, 0.107354], [0, 0.362809, 0.00183396, 0.0735972], [1, 0, 1, 1], [0, 0.362809, 0.00183396, 0.0735972]], "gen2-raw-d-score": [2.2962e+07, 1.11921e+07, 9.73518e+06, 1.29164e+07, 2.28532e+07, 8.85811e+06], "gen2-norm-d-score": [2.00292, 1.13039, 0.619326, 1.06633, 1.76964, 0.370203], "gen2-sparsity": 2.94401e+13, "gen2-raw-winner": [9.40043e+06, 448, 1.87459e+07, 8.21403e+06], "gen2-norm-winner": [1, 0, 1, 1], "gen2-winner-raw-d-score": 2.28532e+07, "gen2-winner-norm-d-score": 1.76964, "gen2-time": 5680, "gen3-front": [[9.40043e+06, 448, 1.87459e+07, 8.21403e+06], [4.47297e+06, 1217, 8.395e+06, 4.40471e+06], [3.92136e+06, 825, 6.41897e+06, 4.81366e+06], [3.87585e+06, 727, 6.44158e+06, 4.68507e+06], [9.40043e+06, 448, 1.87459e+07, 8.21403e+06], [3.87585e+06, 727, 6.44158e+06, 4.68507e+06]], "gen3-norm-front": [[1, 0, 1, 1], [0.108083, 1, 0.160302, 0], [0.00823631, 0.490247, 0, 0.107354], [0, 0.362809, 0.00183396, 0.0735972], [1, 0, 1, 1], [0, 0.362809, 0.00183396, 0.0735972]], "gen3-raw-d-score": [2.2962e+07, 1.11921e+07, 9.73518e+06, 1.29164e+07, 2.28532e+07, 8.85811e+06], "gen3-norm-d-score": [2.00292, 1.13039, 0.619326, 1.06633, 1.76964, 0.370203], "gen3-sparsity": 2.94401e+13, "gen3-raw-winner": [9.40043e+06, 448, 1.87459e+07, 8.21403e+06], "gen3-norm-winner": [1, 0, 1, 1], "gen3-winner-raw-d-score": 2.28532e+07, "gen3-winner-norm-d-score": 1.76964, "gen3-time": 5673, "gen4-front": [[9.40043e+06, 448, 1.87459e+07, 8.21403e+06], [4.47297e+06, 1217, 8.395e+06, 4.40471e+06], [3.92136e+06, 825, 6.41897e+06, 4.81366e+06], [3.87585e+06, 727, 6.44158e+06, 4.68507e+06], [9.40043e+06, 448, 1.87459e+07, 8.21403e+06], [3.87585e+06, 727, 6.44158e+06, 4.68507e+06]], "gen4-norm-front": [[1, 0, 1, 1], [0.108083, 1, 0.160302, 0], [0.00823631, 0.490247, 0, 0.107354], [0, 0.362809, 0.00183396, 0.0735972], [1, 0, 1, 1], [0, 0.362809, 0.00183396, 0.0735972]], "gen4-raw-d-score": [2.2962e+07, 1.11921e+07, 9.73518e+06, 1.29164e+07, 2.28532e+07, 8.85811e+06], "gen4-norm-d-score": [2.00292, 1.13039, 0.619326, 1.06633, 1.76964, 0.370203], "gen4-sparsity": 2.94401e+13, "gen4-raw-winner": [9.40043e+06, 448, 1.87459e+07, 8.21403e+06], "gen4-norm-winner": [1, 0, 1, 1], "gen4-winner-raw-d-score": 2.28532e+07, "gen4-winner-norm-d-score": 1.76964, "gen4-time": 5707, "gen5-front": [[9.40043e+06, 448, 1.87459e+07, 8.21403e+06], [4.47297e+06, 1217, 8.395e+06, 4.40471e+06], [3.92136e+06, 825, 6.41897e+06, 4.81366e+06], [3.87585e+06, 727, 6.44158e+06, 4.68507e+06], [9.40043e+06, 448, 1.87459e+07, 8.21403e+06], [3.87585e+06, 727, 6.44158e+06, 4.68507e+06]], "gen5-norm-front": [[1, 0, 1, 1], [0.108083, 1, 0.160302, 0], [0.00823631, 0.490247, 0, 0.107354], [0, 0.362809, 0.00183396, 0.0735972], [1, 0, 1, 1], [0, 0.362809, 0.00183396, 0.0735972]], "gen5-raw-d-score": [2.2962e+07, 1.11921e+07, 9.73518e+06, 1.29164e+07, 2.28532e+07, 8.85811e+06], "gen5-norm-d-score": [2.00292, 1.13039, 0.619326, 1.06633, 1.76964, 0.370203], "gen5-sparsity": 2.94401e+13, "gen5-raw-winner": [9.40043e+06, 448, 1.87459e+07, 8.21403e+06], "gen5-norm-winner": [1, 0, 1, 1], "gen5-winner-raw-d-score": 2.28532e+07, "gen5-winner-norm-d-score": 1.76964, "gen5-time": 5697}, {"source": 308252, "target": 188699, "gen0-front": [[2.20972e+06, 38, 3.72068e+06, 2.60737e+06], [3.81982e+06, 38, 7.42996e+06, 3.47642e+06], [2.21556e+06, 38, 3.67916e+06, 2.66501e+06], [2.38158e+06, 38, 4.41819e+06, 2.3897e+06]], "gen0-norm-front": [[0, 0, 0.0110696, 0.200299], [1, 0, 1, 1], [0.00362626, 0, 0, 0.253341], [0.106736, 0, 0.197034, 0]], "gen0-raw-d-score": [5.05219e+06, 9.0488e+06, 5.05442e+06, 5.55904e+06], "gen0-norm-d-score": [0.200605, 1.73205, 0.253367, 0.224087], "gen0-sparsity": 4.1214e+12, "gen0-raw-winner": [3.81982e+06, 38, 7.42996e+06, 3.47642e+06], "gen0-norm-winner": [1, 0, 1, 1], "gen0-winner-naw-d-score": 9.0488e+06, "gen0-winner-norm-d-score": 1.73205, "gen0-time": 702, "gen1-front": [[2.21023e+06, 38, 3.68849e+06, 2.64451e+06], [2.38158e+06, 38, 4.41819e+06, 2.3897e+06], [2.21556e+06, 38, 3.67916e+06, 2.66501e+06], [2.20972e+06, 38, 3.72068e+06, 2.60737e+06], [2.21296e+06, 38, 3.81091e+06, 2.52726e+06]], "gen1-norm-front": [[0.00296168, 0, 0.0126232, 0.925554], [1, 0, 1, 0], [0.0339741, 0, 0, 1], [0, 0, 0.0561814, 0.790631], [0.0188289, 0, 0.178273, 0.499671]], "gen1-raw-d-score": [5.5817e+06, 5.98429e+06, 5.51634e+06, 5.5156e+06, 5.08008e+06], "gen1-norm-d-score": [0.925645, 1.41462, 1.00058, 0.792848, 0.530855], "gen1-sparsity": 1.08194e+11, "gen1-raw-winner": [2.38158e+06, 38, 4.41819e+06, 2.3897e+06], "gen1-norm-winner": [1, 0, 1, 0], "gen1-winner-raw-d-score": 5.98429e+06, "gen1-winner-norm-d-score": 1.41462, "gen1-time": 589, "gen2-front": [[2.21023e+06, 38, 3.68849e+06, 2.64451e+06], [2.21556e+06, 38, 3.67916e+06, 2.66501e+06], [2.21296e+06, 38, 3.81091e+06, 2.52726e+06], [2.21023e+06, 38, 3.68849e+06, 2.64451e+06], [2.20972e+06, 38, 3.72068e+06, 2.60737e+06], [2.38064e+06, 38, 4.41598e+06, 2.3897e+06], [2.21556e+06, 38, 3.67916e+06, 2.66501e+06], [2.21023e+06, 38, 3.68849e+06, 2.64451e+06], [2.21556e+06, 38, 3.67916e+06, 2.66501e+06]], "gen2-norm-front": [[0.00297793, 0, 0.0126611, 0.925554], [0.0341605, 0, 0, 1], [0.0189322, 0, 0.178808, 0.499671], [0.00297793, 0, 0.0126611, 0.925554], [0, 0, 0.0563501, 0.790631], [1, 0, 1, 0], [0.0341605, 0, 0, 1], [0.00297793, 0, 0.0126611, 0.925554], [0.0341605, 0, 0, 1]], "gen2-raw-d-score": [5.04812e+06, 5.05442e+06, 7.1662e+06, 5.04812e+06, 5.51451e+06, 5.55688e+06, 5.51764e+06, 5.04812e+06, 5.05442e+06], "gen2-norm-d-score": [0.925645, 1.00058, 0.531039, 0.925645, 0.792637, 1.41421, 1.00058, 0.925645, 1.00058], "gen2-sparsity": 5.37229e+10, "gen2-raw-winner": [2.21556e+06, 38, 3.67916e+06, 2.66501e+06], "gen2-norm-winner": [0.0341605, 0, 0, 1], "gen2-winner-raw-d-score": 5.05442e+06, "gen2-winner-norm-d-score": 1.00058, "gen2-time": 826, "gen3-front": [[2.21556e+06, 38, 3.67916e+06, 2.66501e+06], [2.38064e+06, 38, 4.41598e+06, 2.3897e+06], [2.21023e+06, 38, 3.68849e+06, 2.64451e+06], [2.21296e+06, 38, 3.81091e+06, 2.52726e+06], [2.20972e+06, 38, 3.72068e+06, 2.60737e+06], [2.21556e+06, 38, 3.67916e+06, 2.66501e+06], [2.38064e+06, 38, 4.41598e+06, 2.3897e+06], [2.21556e+06, 38, 3.67916e+06, 2.66501e+06], [2.21023e+06, 38, 3.68849e+06, 2.64451e+06]], "gen3-norm-front": [[0.0341605, 0, 0, 1], [1, 0, 1, 0], [0.00297793, 0, 0.0126611, 0.925554], [0.0189322, 0, 0.178808, 0.499671], [0, 0, 0.0563501, 0.790631], [0.0341605, 0, 0, 1], [1, 0, 1, 0], [0.0341605, 0, 0, 1], [0.00297793, 0, 0.0126611, 0.925554]], "gen3-raw-d-score": [5.05442e+06, 5.55688e+06, 5.04812e+06, 5.08008e+06, 5.05219e+06, 5.05442e+06, 5.55688e+06, 5.05442e+06, 5.04812e+06], "gen3-norm-d-score": [5.05219e+06, 1.41421, 0.925645, 1.06716, 0.792637, 1.00058, 2.38064e+06, 1.00058, 0.925645], "gen3-sparsity": 5.37229e+10, "gen3-raw-winner": [2.38064e+06, 38, 4.41598e+06, 2.3897e+06], "gen3-norm-winner": [1, 0, 1, 0], "gen3-winner-raw-d-score": 5.55688e+06, "gen3-winner-norm-d-score": 1.41421, "gen3-time": 1429, "gen4-front": [[2.38064e+06, 38, 4.41598e+06, 2.3897e+06], [2.21556e+06, 38, 3.67916e+06, 2.66501e+06], [2.21023e+06, 38, 3.68849e+06, 2.64451e+06], [2.21296e+06, 38, 3.81091e+06, 2.52726e+06], [2.20972e+06, 38, 3.72068e+06, 2.60737e+06], [2.38064e+06, 38, 4.41598e+06, 2.3897e+06], [2.21556e+06, 38, 3.67916e+06, 2.66501e+06], [2.21023e+06, 38, 3.68849e+06, 2.64451e+06]], "gen4-norm-front": [[1, 0, 1, 0], [0.0341605, 0, 0, 1], [0.00297793, 0, 0.0126611, 0.925554], [0.0189322, 0, 0.178808, 0.499671], [0, 0, 0.0563501, 0.790631], [1, 0, 1, 0], [0.0341605, 0, 0, 1], [0.00297793, 0, 0.0126611, 0.925554]], "gen4-raw-d-score": [7.51173e+06, 7.14357e+06, 7.16175e+06, 7.16463e+06, 7.51023e+06, 7.51173e+06, 7.14357e+06, 5.04812e+06], "gen4-norm-d-score": [1.73239, 1.36308, 1.06716, 0.954083, 1.62119, 1.73239, 1.36308, 0.925645], "gen4-sparsity": 6.13976e+10, "gen4-raw-winner": [2.38064e+06, 38, 4.41598e+06, 2.3897e+06], "gen4-norm-winner": [1, 0, 1, 0], "gen4-winner-raw-d-score": 7.51173e+06, "gen4-winner-norm-d-score": 1.73239, "gen4-time": 1466, "gen5-front": [[2.38064e+06, 38, 4.41598e+06, 2.3897e+06], [2.21556e+06, 38, 3.67916e+06, 2.66501e+06], [2.21023e+06, 38, 3.68849e+06, 2.64451e+06], [2.21296e+06, 38, 3.81091e+06, 2.52726e+06], [2.21023e+06, 38, 3.68849e+06, 2.64451e+06], [2.20972e+06, 38, 3.72068e+06, 2.60737e+06], [2.38064e+06, 38, 4.41598e+06, 2.3897e+06], [2.21556e+06, 38, 3.67916e+06, 2.66501e+06], [2.21023e+06, 38, 3.68849e+06, 2.64451e+06], [2.21556e+06, 38, 3.67916e+06, 2.66501e+06], [2.21023e+06, 38, 3.68849e+06, 2.64451e+06]], "gen5-norm-front": [[1, 0, 1, 0], [0.0341605, 0, 0, 1], [0.00297793, 0, 0.0126611, 0.925554], [0.0189322, 0, 0.178808, 0.499671], [0.00297793, 0, 0.0126611, 0.925554], [0, 0, 0.0563501, 0.790631], [1, 0, 1, 0], [0.0341605, 0, 0, 1], [0.00297793, 0, 0.0126611, 0.925554], [0.0341605, 0, 0, 1], [0.00297793, 0, 0.0126611, 0.925554]], "gen5-raw-d-score": [5.55688e+06, 5.05442e+06, 5.04812e+06, 5.08008e+06, 5.04812e+06, 5.05219e+06, 7.0431e+06, 5.05442e+06, 5.04812e+06, 5.05442e+06, 5.04812e+06], "gen5-norm-d-score": [5.05219e+06, 4.29475e+06, 0.925645, 0.531039, 0.925645, 0.792637, 1.41421, 1.00058, 0.925645, 1.00058, 0.925645], "gen5-sparsity": 4.29784e+10, "gen5-raw-winner": [2.38064e+06, 38, 4.41598e+06, 2.3897e+06], "gen5-norm-winner": [1, 0, 1, 0], "gen5-winner-raw-d-score": 7.0431e+06, "gen5-winner-norm-d-score": 1.41421, "gen5-time": 1318}, {"source": 399729, "target": 166277, "gen0-front": [[1.59835e+06, 59, 2.87825e+06, 1.69383e+06], [4.26524e+06, 47, 8.47243e+06, 3.65003e+06], [1.60426e+06, 78, 2.86862e+06, 1.72005e+06], [1.63327e+06, 59, 2.97007e+06, 1.68963e+06]], "gen0-norm-front": [[0, 0.387097, 0.00171883, 0.00214089], [1, 0, 1, 1], [0.00221775, 1, 0, 0.0155178], [0.0130927, 0.387097, 0.0181052, 0]], "gen0-raw-d-score": [3.70244e+06, 1.01635e+07, 3.70961e+06, 3.78732e+06], "gen0-norm-d-score": [0.387107, 1.73205, 1.00012, 0.387741], "gen0-sparsity": 1.36461e+13, "gen0-raw-winner": [4.26524e+06, 47, 8.47243e+06, 3.65003e+06], "gen0-norm-winner": [1, 0, 1, 1], "gen0-winner-naw-d-score": 1.01635e+07, "gen0-winner-norm-d-score": 1.73205, "gen0-time": 5875, "gen1-front": [[4.26524e+06, 47, 8.47243e+06, 3.65003e+06], [1.63327e+06, 59, 2.97007e+06, 1.68963e+06], [1.60426e+06, 78, 2.86862e+06, 1.72005e+06], [1.59835e+06, 59, 2.87825e+06, 1.69383e+06], [4.26524e+06, 47, 8.47243e+06, 3.65003e+06], [1.59846e+06, 59, 2.87805e+06, 1.69375e+06]], "gen1-norm-front": [[1, 0, 1, 1], [0.0130927, 0.387097, 0.0181052, 0], [0.00221775, 1, 0, 0.0155178], [0, 0.387097, 0.00171883, 0.00214089], [1, 0, 1, 1], [4.17602e-05, 0.387097, 0.00168421, 0.00210059]], "gen1-raw-d-score": [1.02939e+07, 4.11308e+06, 4.0393e+06, 5.64804e+06, 1.02885e+07, 3.70231e+06], "gen1-norm-d-score": [1.77483, 1.07254, 1.07242, 1.07231, 1.77478, 0.387106], "gen1-sp